NO	adop	AT	SN	PBC	PV	PB	PC	PR	KNO	EA	POL	GEN	AGE	EDU	MARRI	TYPE	SIZE	CHILD	INC	GB
1	1	4	4	3.333333333	4	4	3	2	2	2.714285714	3	0	4	1	1	1	2	1	1	0.101086443
2	1	3	2.5	3	3	3.25	3	3	1	3.4	3	0	4	1	1	1	2	1	1	0.098995696
3	1	4	3.75	3.666666667	4	4	3.666666667	2.333333333	3.333333333	3.666666667	3	0	5	2	1	1	4	2	1	0.43832021
4	1	3.666666667	4	2.666666667	2.666666667	3.75	3.333333333	2.333333333	2.666666667	3.428571429	3.333333333	0	5	1	1	1	4	3	1	0.091866029
5	1	2.333333333	3	2	3.666666667	3	3	4	2	2.833333333	3	1	5	1	1	1	4	2	1	0.048245614
6	1	4	3.5	4	4	3.5	3.666666667	2.666666667	3.333333333	3.5	4	1	1	1	1	1	4	2	1	0.159686653
7	1	4	4.25	4.666666667	3.333333333	4	2	1	4.333333333	4	1	1	4	1	1	1	4	2	2	0.113489499
8	1	2.333333333	3.5	4	1	3.5	3	2.333333333	4	4.428571429	2.333333333	0	2	1	1	1	4	2	1	0.088581315
9	1	4	3	4	2.666666667	3.5	4.666666667	2.666666667	3.333333333	4	3.333333333	1	4	1	3	1	2	1	1	0.088685015
10	1	5	4.25	5	5	5	1	2.333333333	5	3.714285714	3.333333333	1	3	3	1	1	4	2	2	0.15503876
11	1	5	4.75	5	3.666666667	5	2.333333333	2.333333333	5	4.857142857	1.666666667	1	3	1	1	1	4	2	1	1
12	1	2.666666667	3	4	3.333333333	4	3.333333333	3	3.333333333	3.571428571	2.333333333	1	5	1	1	1	2	1	1	1
13	1	4	4	4	3.666666667	4	3	2.666666667	4	3.571428571	4	1	3	2	1	1	4	2	2	0.189516129
14	1	4.666666667	4	2.333333333	3.333333333	4	3.333333333	2.333333333	2	3.571428571	3	1	5	2	1	1	4	2	1	0.489486964
15	1	4	4	3.333333333	4	4	3	2.666666667	2	3.571428571	3.333333333	1	5	1	1	1	4	2	1	1
16	1	4	3	3.666666667	2	3.5	3.333333333	3	3	3.428571429	1	1	1	3	2	1	4	1	2	0.004050223
17	1	5	5	3	4	4.75	4.666666667	1	2.666666667	4.428571429	3.333333333	1	5	2	1	1	2	1	1	1
18	1	5	5	3	5	5	4	2.333333333	2	4.428571429	2.666666667	0	4	1	1	1	4	2	1	0.56
19	1	5	5	5	4.666666667	4.25	4	1	4	5	2.666666667	0	4	2	1	1	4	2	1	1
20	1	5	5	4	3.666666667	5	5	1	4	5	3	1	2	2	1	1	4	2	1	0.352398524
21	1	4	4	2	4	4	4	4	2	4	3	0	5	1	1	1	4	1	1	0.003311258
22	1	3	3	2	3.333333333	3.5	2	2	2	5	3	1	4	1	1	1	3	1	1	0.077623762
23	1	2	2	2	2	2	2	2	2	5	3	0	4	1	1	1	4	1	1	0.043283582
24	1	4	4.25	5	4.333333333	5	3	2	4.666666667	4.285714286	3	1	4	3	1	1	2	1	1	1
25	1	4.333333333	4	4	2.333333333	4	3.333333333	2.666666667	4	4	4	1	3	3	1	1	3	2	1	0.049363868
26	1	5	4.75	3.666666667	3	3.5	4	3	4	4.142857143	3	0	1	3	1	1	4	2	1	1
27	1	4	4	3	3.333333333	3	4	3.333333333	3.666666667	3.428571429	3	1	5	2	1	1	2	1	1	1
28	1	4.666666667	3.25	3.666666667	2.333333333	3.75	1.666666667	4.333333333	3.333333333	4.285714286	2.333333333	1	3	2	1	1	4	2	1	1
29	1	2	3.5	2	2.666666667	3.5	2	3.666666667	1	3.142857143	3.333333333	1	4	2	1	1	3	1	1	0.03891233
30	1	2	3	2	2	3.25	2	3.666666667	1.666666667	2.571428571	3.333333333	1	3	1	1	1	4	1	1	0.122651734
31	1	2	2.75	2	2.666666667	2.5	1.333333333	3.333333333	1	3	3.333333333	1	3	2	1	1	4	2	1	0.109042553
32	1	3	3	3.333333333	3	3	3	3	3	3.857142857	3	1	4	1	1	1	4	3	2	1
33	1	3.666666667	4	3	3.333333333	3.75	2.666666667	3	3.333333333	2.857142857	3	0	5	1	1	1	4	2	1	0.056916178
34	1	3	4	3	3.333333333	3.5	3	3	3	3	3	1	2	3	1	1	4	2	2	0.094771242
35	1	4	3.75	3	3	3	3	3	3	3.571428571	3	0	2	2	1	1	4	2	1	0.056603774
36	1	2.666666667	3	2.666666667	2.666666667	2.75	3	3.333333333	2.666666667	2.857142857	3	0	5	1	1	1	4	2	1	1
37	1	2.333333333	2.75	2.333333333	3	2.75	3	3	3	3.428571429	3.666666667	0	2	2	1	1	3	2	1	0.00747198
38	1	2.333333333	3	2	2.333333333	2.75	3	2.666666667	2	3.857142857	4	1	5	2	1	1	1	1	1	0.002283105
39	1	3.333333333	2.5	2.333333333	3.666666667	3.75	4	2.333333333	2.333333333	3.571428571	3	0	3	1	1	1	3	1	1	0.108087092
40	1	2	2.25	2	3.333333333	3.5	3	2.333333333	2.333333333	3.857142857	3	1	4	1	1	1	4	2	1	0.076175549
41	1	1.666666667	2	2.333333333	2.666666667	2.75	3.666666667	4	2	3.428571429	3	1	5	1	1	1	2	1	1	0.405749173
42	1	2	2.5	2	2.333333333	3.5	3	3	2	3.571428571	3	1	2	1	1	1	2	1	2	0.022332506
43	1	4	3.5	3	4	4	3	2	2	3.428571429	3	1	5	2	1	1	2	1	1	0.072463768
44	1	4	3.75	3	4	4	3	2.333333333	2	3.428571429	3	0	5	1	1	1	4	2	1	0.915708812
45	1	3.666666667	3.75	3	4	4	3	2.333333333	3	3.571428571	3	0	5	1	1	1	2	1	1	0.211594203
46	1	3.666666667	4	3.666666667	3.333333333	4	3	2.333333333	3	3.714285714	3	1	5	2	1	1	4	1	2	0.278675601
47	1	2.666666667	3	2	3.333333333	3.75	4	2.333333333	2	3.428571429	3	0	5	1	1	1	4	1	1	0.084587
48	1	2	1.75	2.333333333	2.666666667	3.75	4	3	2.333333333	3.571428571	3	1	5	2	1	1	2	1	2	1
49	1	3.333333333	3.75	2	3.333333333	3.75	3	2	2.666666667	3.571428571	3	0	4	1	1	1	4	1	1	0.053459119
50	1	2.666666667	2.25	2	3.333333333	4	3.666666667	2	2.666666667	3.571428571	3.666666667	1	2	1	1	1	4	2	1	0.206189152
51	1	4.333333333	4.25	2	1.666666667	3	2	2.333333333	1.333333333	4.428571429	3.333333333	1	5	1	1	1	4	2	1	0.049597024
52	1	4	3.25	2	3.333333333	4	3.333333333	3.333333333	2	4	4.333333333	0	4	1	1	1	4	2	1	1
53	1	3	4	2.666666667	4	4.75	2	2.666666667	2.333333333	4.285714286	3	0	3	1	1	1	4	2	1	0.024782317
54	1	4	3.25	3.666666667	4.333333333	4.25	3.666666667	3.666666667	2.666666667	5	3.333333333	1	4	2	1	1	4	2	1	0.071525886
55	1	4.333333333	5	4	3.666666667	4	2	2	4	5	4	1	3	2	1	1	3	1	1	0.041953385
56	1	4	4	2	4.333333333	4	2	4	2	4	4	0	3	2	1	1	4	2	1	0.039868475
57	1	3.666666667	2.25	2.333333333	3.333333333	3.75	2.666666667	1.666666667	1.666666667	3.714285714	3.666666667	1	4	1	1	1	1	1	1	0.105775076
58	1	4	2.5	4	3.333333333	3.5	3	2.666666667	3.333333333	4	3	1	1	2	2	1	4	2	1	0.178556869
59	1	4	4	2	4	4	3.666666667	2	2	3.428571429	3	0	1	1	2	1	2	3	1	0.175738725
60	1	4	4.25	3	2.333333333	2	1	4	2	4	2.666666667	0	2	1	1	1	4	2	1	0.099574468
61	1	2.333333333	3.5	2.333333333	3.666666667	4.25	3	2.333333333	2	3	3.666666667	0	5	1	1	1	2	1	1	0.169785486
62	1	4	3.5	4	4	4	3	3	3	4	4	0	2	3	1	1	4	2	1	0.130702836
63	1	4	4.25	3	3.666666667	3.75	2	2.333333333	2	3.571428571	3.666666667	0	4	2	1	1	4	2	2	0.032888889
64	1	4	3	3.666666667	3.666666667	4.5	4.333333333	3.333333333	3.666666667	3.857142857	3.666666667	1	1	3	2	0	3	1	2	1
65	1	4.333333333	4	4	4.333333333	4.75	4	2.666666667	3.333333333	4	3.666666667	0	2	4	1	0	4	2	3	1
66	1	4.666666667	3.25	2.333333333	4.666666667	4.5	3.333333333	1.333333333	3.333333333	4	2.333333333	0	2	3	1	1	4	2	3	1
67	1	5	4.25	3.666666667	4.333333333	4.5	4.333333333	2.333333333	5	4.428571429	4.333333333	0	2	3	2	0	3	1	4	0.001179245
68	1	4	4.5	4	4.333333333	3.75	4	4.666666667	3.333333333	3.857142857	4.333333333	1	2	3	1	1	3	2	2	1
69	1	3.333333333	4	3.666666667	4	4.25	3.666666667	2	4	3.857142857	4	1	1	3	1	0	4	2	2	0.100490196
70	1	4.666666667	4	5	2.666666667	4.75	4.666666667	2.333333333	4.333333333	4.285714286	2.666666667	1	2	4	1	0	4	2	2	0.096
71	1	4	3.25	4.666666667	4.333333333	4.5	3.333333333	3	3.666666667	4.142857143	3.333333333	1	2	3	1	0	3	2	3	0.082140166
72	1	4.333333333	3.75	4.333333333	4	4.5	4	2	3	4	3	1	2	4	1	0	4	2	2	0.074380165
73	1	4	3	2.666666667	3.666666667	4	2.333333333	1.666666667	3.333333333	3.857142857	2.666666667	0	2	3	2	0	1	1	4	1
74	1	4.333333333	3.5	4.333333333	3.333333333	4.5	3	2.333333333	3.333333333	3.714285714	2.666666667	0	2	3	1	0	3	2	2	0.19837233
75	1	4	4	4	4	3.75	4	4.333333333	3	3.714285714	4	0	2	3	1	1	3	2	2	0.019384265
76	1	3	3.25	1.666666667	3.666666667	3.25	2.666666667	2.666666667	3	3.285714286	3	0	2	3	1	0	3	2	2	0.044036697
77	1	4	4.25	4	4	4.25	4	4	4.333333333	4.142857143	4	1	1	4	2	0	3	1	2	1
78	1	5	5	5	5	5	5	5	5	5	5	0	4	3	1	0	3	3	1	0.082517483
79	1	4.333333333	3	4	3	4.5	3.666666667	2	3.666666667	4.142857143	2.666666667	1	3	3	1	0	4	2	2	0.03369906
80	1	3	3.25	3	2.666666667	3.25	3	3	3.333333333	3.142857143	3.666666667	0	2	4	1	0	4	2	3	0.002781414
81	1	4.333333333	4.25	4.666666667	4	4.25	3.333333333	1.666666667	4	4.285714286	2.666666667	0	2	4	1	1	3	2	2	0.39010989
82	1	4.333333333	3.5	3.333333333	3.666666667	4.25	3	2.666666667	3.333333333	3.857142857	2.666666667	1	2	3	1	0	3	2	2	0.993569132
83	1	4.333333333	4.75	4.333333333	3.333333333	4.25	4.333333333	3	3.333333333	4.571428571	3.666666667	0	3	1	1	0	3	1	1	0.105676329
84	1	5	5	5	5	5	5	5	5	5	5	0	4	3	1	0	3	2	1	0.214673913
85	1	4.666666667	4.25	4.333333333	4.666666667	4.5	4.333333333	3.333333333	4.333333333	4.285714286	3.333333333	1	2	2	1	1	4	2	2	0.177745665
86	1	5	4.75	5	3.666666667	4	2.333333333	1	4.666666667	4.571428571	2	1	2	3	1	1	4	2	3	0.093906511
87	1	4	4.25	4.666666667	3.666666667	4.5	2.666666667	2	2.666666667	4.285714286	3.333333333	0	1	3	2	0	4	2	1	0.09796412
88	1	3	3.25	2.666666667	3	4.5	4	2	3.666666667	3.714285714	2	1	1	3	2	0	4	2	2	0.558077437
89	1	4.333333333	4	3.666666667	3.666666667	4	2.666666667	2	3.333333333	4	4	1	2	3	1	0	4	1	2	1
90	1	4.666666667	3.75	4	3.666666667	4.5	3.333333333	2	2.666666667	4.142857143	2.666666667	1	2	4	1	0	3	2	2	0.235617898
91	1	4.333333333	3.75	4.666666667	4.333333333	4	3	3	3.333333333	3.857142857	4	1	1	3	2	0	4	1	2	0.247235387
92	1	4.666666667	3.25	3.333333333	3.333333333	4.5	3.666666667	2.666666667	3	3.571428571	3.333333333	0	2	4	1	0	3	2	4	0.056065732
93	1	4.333333333	3.75	3.666666667	4	4	3.333333333	4.333333333	4	4.142857143	3.333333333	1	2	3	1	1	3	3	4	0.058064516
94	1	4	2.75	3.333333333	3.666666667	4.25	3	3.333333333	3	3.571428571	3.333333333	0	1	3	2	0	4	2	3	0.099120513
95	1	5	4.5	4.333333333	5	4.75	4.666666667	4.333333333	4.333333333	5	4.333333333	1	4	2	1	1	3	1	1	0.031729785
96	1	4.666666667	4	4.666666667	4.333333333	4.25	4.333333333	2	3	3.571428571	3.333333333	1	1	3	2	0	3	1	3	0.081991652
97	1	4.666666667	4.5	4.666666667	4	4.5	4	4.333333333	4	4.285714286	4.333333333	1	1	3	2	1	4	1	1	1
98	1	4	3	4.333333333	3.666666667	3.75	3.666666667	3.333333333	2.666666667	4	3.333333333	1	1	3	2	0	3	1	1	0.534023669
99	1	4	5	4	4	4	3	2	4	4.571428571	2.666666667	1	2	3	1	1	4	2	3	0.769320163
100	1	3	4.5	4	4.333333333	4	4	3	4.333333333	3.571428571	4	1	1	2	2	1	3	1	2	0.06313066
101	1	4	4	4	3.666666667	4.5	2.333333333	2	2.333333333	3.857142857	1.666666667	1	4	3	1	0	4	2	2	0.688235294
102	1	3.666666667	1.5	4.333333333	3.666666667	4.5	4.666666667	2.333333333	3.666666667	4.428571429	4	0	3	3	1	0	4	2	2	0.03814262
103	1	4.666666667	4	4.666666667	4.333333333	4.5	4	1.666666667	3.666666667	4.285714286	4.333333333	1	3	2	1	1	4	2	2	0.073976222
104	1	4.666666667	3.5	4.333333333	3	2.5	3.666666667	2	4	3.714285714	3.666666667	0	3	4	1	0	3	1	2	0.312958435
105	1	4.666666667	4.25	3.333333333	3.333333333	3.75	5	3	3	4.571428571	3.333333333	0	1	3	1	1	4	2	2	0.055684455
106	1	3.666666667	3.75	3.333333333	3.333333333	3.5	2	3.666666667	3.666666667	2.714285714	3	1	2	3	1	0	3	1	2	0.116541353
107	1	3.666666667	2.5	4.333333333	2.666666667	3.75	2	1.666666667	3.333333333	3.142857143	2.666666667	1	2	4	2	0	3	1	4	0.052941176
108	1	4.666666667	4.25	3	3.333333333	4.25	5	4.333333333	2.666666667	4.285714286	2.666666667	0	1	3	2	1	3	1	1	1
109	1	4.333333333	4.75	4	3.666666667	4.5	2	2.333333333	3	3.714285714	3	0	3	3	1	0	4	1	2	0.146503589
110	1	5	5	5	5	4.75	3.333333333	1.333333333	4.666666667	4.714285714	2.666666667	1	3	3	1	1	4	2	1	0.031549296
111	1	4.666666667	4.25	4.333333333	5	4.5	3.333333333	1.333333333	4.666666667	3.857142857	4.333333333	1	2	3	1	0	4	2	3	0.133603239
112	1	4	3	4	4	3.75	4	1.666666667	2.666666667	3.142857143	2.333333333	1	2	3	1	0	3	2	3	0.56545961
113	1	4	3.75	4	3.666666667	3.75	3.666666667	2.666666667	3.333333333	3.714285714	3.333333333	0	2	4	1	0	4	2	3	0.194488189
114	1	4.333333333	4.75	4.666666667	3.333333333	4.5	4.666666667	1.333333333	4.666666667	4.142857143	3.333333333	1	2	3	1	1	3	2	2	0.030937216
115	1	5	5	4.666666667	5	5	2.666666667	1	4.333333333	4.428571429	2.666666667	1	3	3	1	1	4	2	1	0.044203503
116	1	3.666666667	3.25	3.333333333	2.333333333	4.5	3	3	2.333333333	3.714285714	3.333333333	0	2	3	1	0	4	2	2	0.041666667
117	1	3.666666667	2.5	3	3	3.25	2.666666667	4	1.666666667	4	4.333333333	0	2	4	1	0	4	2	2	0.048319611
118	1	5	5	5	5	5	5	5	5	5	5	0	3	4	1	0	4	2	4	0.026318981
119	1	4.666666667	4.5	4.666666667	4.666666667	5	4.333333333	3	4.333333333	4.285714286	3.333333333	0	2	3	1	0	3	2	2	0.049958368
120	1	4	4.5	4	4	4.25	4.333333333	4.666666667	4.333333333	3.428571429	4.333333333	1	2	3	1	1	3	3	3	0.093243243
121	1	4.333333333	4.5	4.333333333	4.666666667	4.75	3.333333333	1.666666667	4.666666667	4.428571429	2.666666667	1	1	3	2	0	2	1	4	0.064237982
122	1	5	5	5	5	5	4.666666667	5	4.333333333	5	4.666666667	0	1	3	2	0	4	2	2	0.148909914
123	1	4	2.5	2	2.666666667	3	2.666666667	3.333333333	3	3.714285714	4	1	1	3	2	0	2	2	3	0.062374749
124	1	4.666666667	5	3.666666667	4.333333333	4.5	4.666666667	4	4	4	3.333333333	1	1	3	2	1	2	1	1	0.213788871
125	1	3.666666667	4	4.666666667	4.333333333	4.5	4.666666667	4.666666667	3.333333333	3.571428571	4.666666667	1	1	3	2	0	3	1	3	0.255319149
126	1	4	3.75	3.333333333	3.666666667	4.25	4.333333333	2	2.333333333	3.428571429	1.666666667	1	1	3	2	0	3	1	2	0.284351145
127	1	4	4	4	3.666666667	4	4.333333333	4.666666667	3.666666667	3.857142857	4	1	1	3	2	0	3	1	2	0.367888748
128	1	4.666666667	4	4	3.333333333	3.75	4	4.333333333	3	4	4.333333333	0	2	3	1	0	3	2	3	0.161434978
129	1	2.666666667	3.25	2.333333333	3	3	3	3	3.333333333	3.285714286	3.333333333	1	4	3	1	1	3	2	2	1
130	1	3.666666667	3	3.666666667	2.333333333	4	4.333333333	2.333333333	3.333333333	3	3	1	2	4	1	0	3	2	2	0.178920428
131	1	2.666666667	3.25	2.666666667	3.666666667	2.75	2.666666667	2.666666667	3	2.714285714	2.666666667	1	3	3	1	1	3	2	3	0.060030984
132	1	4	2.75	4	2.333333333	3	2	2	4.333333333	3.857142857	2	1	3	4	1	0	3	2	2	1
133	1	4.333333333	3.75	3.666666667	3	4	2.666666667	2.333333333	3.666666667	4	2.666666667	0	2	3	1	1	4	2	2	0.061895551
134	1	4.666666667	4	4.666666667	4.333333333	4	3.333333333	4	4.333333333	4.142857143	4.666666667	1	1	3	2	0	4	2	2	0.017676768
135	1	4.333333333	4	3.333333333	3	4	4	1.333333333	2.666666667	3.857142857	2.666666667	1	1	3	2	1	2	1	2	1
136	1	4.666666667	4.75	4.666666667	5	4.75	1.333333333	2.333333333	4.666666667	4.428571429	2.333333333	1	3	3	1	1	4	2	2	1
137	1	4.333333333	4.25	3.666666667	4	4.5	3	2.666666667	4	3.142857143	3	1	2	2	1	1	3	2	2	0.02960969
138	1	4.333333333	2.5	3.666666667	3	3.5	2	2	3	3.714285714	3	0	3	4	1	1	3	2	2	1
139	1	4.333333333	4.75	4.333333333	4.666666667	4.75	4.666666667	4.666666667	4.333333333	4.428571429	5	1	3	3	1	1	4	2	3	0.785454545
140	1	3.666666667	3.75	3.666666667	3.333333333	3.5	2.666666667	2.333333333	3.333333333	3.714285714	3.333333333	1	2	3	1	1	4	2	1	0.540275049
141	1	3.666666667	2.75	4	3.333333333	3.25	1.666666667	2	4.333333333	2.857142857	2	1	2	4	1	1	3	2	2	0.001083424
142	1	4	3.25	3	3.333333333	4.25	4.333333333	3	2.666666667	4	2.666666667	0	1	3	2	1	4	1	2	0.540836653
143	1	4.666666667	3.75	4	3.333333333	3.75	4	4.666666667	4.666666667	4.285714286	4	1	1	2	2	1	3	1	2	0.270021645
144	1	4.666666667	4.75	5	4.666666667	5	1	1	4	3.857142857	2	1	3	3	1	1	4	2	2	0.200567376
145	1	4	3.5	3.666666667	3.333333333	3.5	4	3	4	4.571428571	3	1	1	3	2	1	4	2	1	0.115987461
146	1	4.333333333	4	4.666666667	3.333333333	4.5	2.666666667	2.333333333	4	4	2.666666667	0	2	4	1	1	4	2	3	0.32958318
147	1	4.666666667	4.5	4.666666667	4.333333333	4.5	3.666666667	1.333333333	4.666666667	3.857142857	2	1	2	3	1	1	4	2	3	1
148	1	4.666666667	4.5	5	4.666666667	5	2	1	4	4.571428571	3.333333333	1	3	3	1	1	4	2	2	1
149	1	4	2.25	3	2	4.25	4	3.666666667	4	3.857142857	3.333333333	0	2	4	1	1	3	2	2	1
150	1	4.333333333	3.25	4.333333333	3.666666667	4.75	4.333333333	2.333333333	3.666666667	4.571428571	3	1	2	4	1	1	4	2	2	0.085797584
151	1	4.666666667	4	3	3.666666667	4.25	4	3.666666667	3.333333333	4	3	0	2	4	1	1	4	2	3	0.04526749
152	1	4.666666667	4.5	4.666666667	5	4.75	4	2.666666667	4	4.285714286	2.666666667	0	2	3	1	1	4	2	2	0.036982249
153	1	4.666666667	4	4.333333333	4.333333333	5	3.666666667	3.666666667	4.333333333	4.571428571	3.333333333	1	2	3	1	1	2	1	2	0.074561404
154	1	4	3	4.666666667	4	4.5	2.666666667	2.666666667	3.666666667	3.714285714	3	0	2	3	1	1	3	2	2	0.134057971
155	1	4	3.5	3.666666667	3.666666667	4	3.666666667	2.666666667	3.333333333	3.857142857	3	1	2	3	2	1	4	1	2	0.2823219
156	1	4.666666667	5	5	5	5	1	1	4	4.714285714	2.333333333	1	3	3	1	1	4	2	3	0.791666667
157	1	5	5	4.666666667	4.666666667	5	2.666666667	1.333333333	5	4.571428571	3	1	3	3	1	1	4	2	2	0.103448276
158	1	4	3.25	4.333333333	4	4	3.333333333	2	3.666666667	4.571428571	2	1	2	3	1	1	4	2	2	0.041139241
159	1	5	4	3.666666667	4	4	4	2.333333333	3	4.428571429	3	1	1	3	2	1	4	2	1	0.194805195
160	1	4.666666667	4.25	3.666666667	3	3.25	4.333333333	3	4	4.428571429	4.333333333	0	2	3	1	1	3	2	2	0.052631579
161	1	4.666666667	4.25	4.333333333	3	4.25	3.333333333	3.333333333	3.666666667	4	2.666666667	1	2	3	1	1	3	2	2	0.123563218
162	1	4.333333333	5	3.666666667	3.333333333	4.75	2.333333333	3	3.666666667	4.571428571	3	0	3	2	1	1	3	2	1	0.413953488
163	1	4	3.25	4	3.333333333	4.25	3	2.666666667	3.333333333	4.142857143	3.666666667	0	2	3	1	1	3	2	2	1
164	1	4	3.75	3.666666667	3.333333333	4.25	2.666666667	2.333333333	3.666666667	3.428571429	2.666666667	0	3	3	1	1	4	2	3	1
165	1	4.333333333	3.5	4.333333333	3.333333333	4	5	2	4.666666667	4.285714286	3.666666667	1	3	3	1	1	3	2	2	0.001004689
166	1	4.666666667	4.5	3.333333333	3.666666667	3.5	3.333333333	3	3.666666667	3.428571429	3.333333333	0	1	3	2	1	3	1	1	0.056179775
167	1	4.333333333	4.25	4.666666667	4	4.25	1.666666667	1.666666667	2.666666667	3.714285714	3.333333333	0	2	3	1	1	4	2	2	0.105362183
168	1	4.666666667	4.25	5	4.666666667	4.75	3.333333333	2.666666667	3.666666667	3.857142857	3.666666667	1	2	3	2	1	3	1	1	0.864925258
169	1	4.333333333	4	4.333333333	4	3.75	2.666666667	2.666666667	4	4.142857143	4	1	3	3	1	1	4	2	2	0.708695652
170	1	4	3.75	4	4	4	3	2.666666667	4	3.857142857	3	1	2	3	1	1	4	1	2	0.067452521
171	1	4.666666667	4.75	4.666666667	4.333333333	4.75	2.333333333	1.666666667	4.333333333	4.285714286	3.666666667	0	2	4	1	1	4	2	2	0.068315665
172	1	4.666666667	4	4	4	4	2	3.333333333	4	3.857142857	3.333333333	1	3	3	1	1	4	2	1	1
173	1	4.333333333	4.5	4.666666667	4.333333333	4.25	1.666666667	1.666666667	4.333333333	3.857142857	2.666666667	0	1	3	1	1	3	2	2	0.049715909
174	1	3.666666667	3.5	3.666666667	3	3.75	3.666666667	4.333333333	3.666666667	3.857142857	3.666666667	1	3	3	1	1	3	1	2	0.048951049
175	1	4.333333333	3.5	3.666666667	3.666666667	4	3.666666667	3.666666667	4.333333333	4	4	0	1	3	2	1	1	1	2	1
176	1	4.333333333	4.25	4.333333333	4.333333333	4.25	1.666666667	1.666666667	4.666666667	3.714285714	2.666666667	0	1	2	1	1	2	1	2	0.14701897
177	1	4.666666667	4.5	4.666666667	4.333333333	4.5	4.666666667	1.666666667	4.666666667	4.428571429	2.666666667	1	2	3	1	1	3	2	2	0.272727273
178	1	4	3.75	4.333333333	4.666666667	3.75	3.666666667	4	3.666666667	3.857142857	3.333333333	0	1	3	2	1	1	1	1	0.949511855
179	1	4.666666667	4	4.333333333	4	4.75	2.333333333	2.333333333	3	4.142857143	3	0	4	3	1	1	4	2	3	0.090909091
180	1	4.333333333	4.5	4.666666667	4.333333333	4.5	4.666666667	4.333333333	4.666666667	3.714285714	2.666666667	1	1	3	1	1	3	2	2	0.167597765
181	1	4.666666667	3.75	4.333333333	4	4.75	2	1.333333333	3.666666667	4.142857143	2.666666667	1	2	3	1	1	4	2	2	0.230106291
182	1	4	4	3.666666667	3	3.5	2.666666667	3.333333333	2.666666667	3.285714286	3	0	3	3	1	1	2	2	2	1
183	1	3.333333333	3.25	3.666666667	3	3.75	3	1.333333333	2.666666667	3	3	0	1	3	2	1	3	1	2	0.001432665
184	1	5	5	5	4	5	2	1.666666667	4	4.428571429	3.333333333	0	3	3	1	1	3	2	2	0.198312236
185	1	3.666666667	4	3.666666667	4	4.5	2.666666667	1.333333333	3.333333333	4	2.333333333	1	3	2	1	1	4	2	2	0.061880342
186	1	4.666666667	4.25	4.333333333	4.333333333	4.5	1.666666667	2.666666667	4.666666667	3.714285714	2.666666667	0	2	2	1	1	3	2	2	0.337770383
187	1	4.666666667	4	4	3	4	3	1.333333333	4	3.857142857	2	0	2	3	1	1	3	2	2	0.024137931
188	1	4.333333333	4.25	4.666666667	4.666666667	4.25	4.666666667	3.333333333	4.666666667	4.285714286	5	1	2	3	1	1	4	2	2	0.636363636
189	1	4.333333333	4.25	4.666666667	4.333333333	4.5	2.666666667	1.666666667	4.333333333	3.714285714	2.666666667	1	2	2	1	1	3	2	2	0.05015674
190	1	3.333333333	3.75	3	2.666666667	3.25	2.666666667	3.666666667	3	3.571428571	3.333333333	0	2	3	1	1	2	1	2	0.037778789
191	1	4.333333333	4.5	4.666666667	4.333333333	4.5	1.666666667	1.666666667	4.333333333	3.714285714	2.666666667	1	2	3	1	1	3	2	2	0.053502482
192	1	4.666666667	4.5	4.333333333	4.666666667	4.5	1.333333333	1.666666667	4.666666667	4	2.666666667	1	3	2	1	1	3	2	1	0.055555556
193	1	3.333333333	2.25	1.666666667	4.666666667	4.75	4.666666667	4.333333333	2.666666667	2.714285714	4.333333333	0	2	3	2	1	2	2	1	0.09541558
194	1	4	4	4	4	4	3.666666667	4	4	4	4	0	1	3	2	1	4	2	2	0.061503417
195	1	5	5	5	4.333333333	4.75	2	1.666666667	5	4.428571429	3	0	2	3	1	1	2	1	2	1
196	1	4.666666667	4.5	4.666666667	4.333333333	4.5	2.666666667	1.666666667	4.333333333	4.428571429	3	0	2	3	1	1	4	2	2	1
197	1	4.666666667	4.5	4.666666667	4.333333333	4.75	2	1.666666667	5	4.285714286	2.666666667	1	2	3	1	1	2	1	2	1
198	1	4.333333333	3.5	3.666666667	3.333333333	3.75	3	1.666666667	4.333333333	4	3.666666667	0	1	3	2	1	4	1	2	0.028301887
199	1	2.666666667	3.75	2.666666667	3	3.25	2.666666667	3	3	2.142857143	3	1	3	3	1	1	3	2	2	0.061410159
200	1	3.666666667	3.5	4	3	3	2.666666667	4.333333333	3	4	4.333333333	1	2	3	1	1	3	2	2	1
201	1	2.333333333	3	3	2.666666667	3.25	2.666666667	2.666666667	4	2.857142857	2.333333333	0	3	3	1	1	4	2	3	0.005154639
202	1	4.333333333	4.75	4.333333333	3.666666667	4.75	3.666666667	2	4	3.857142857	4.333333333	0	2	4	1	1	3	2	2	0.117647059
203	1	4.333333333	4.75	4.666666667	4	4.25	4	2.333333333	3.333333333	4.285714286	2.666666667	0	2	3	1	1	4	2	2	0.061079545
204	1	4.333333333	4	3.666666667	3.666666667	4.5	4	3.333333333	4.333333333	4.285714286	3.333333333	0	2	4	2	1	3	1	2	0.003257329
205	1	4.666666667	4.25	5	4.666666667	4.25	1.666666667	1.333333333	4	4.285714286	2.333333333	1	2	3	1	1	3	2	2	0.035986159
206	1	4.333333333	4.75	4.333333333	4.333333333	4.25	1.666666667	1.333333333	4.666666667	4.142857143	2.333333333	0	3	2	1	1	3	2	1	1
207	1	5	4.75	4.666666667	3.666666667	4.5	4.333333333	1.666666667	4.333333333	4.142857143	2.666666667	1	3	3	1	1	4	2	2	0.197005516
208	1	4.333333333	4.5	4.333333333	4.333333333	3.5	3.666666667	3.333333333	4.666666667	3.571428571	3.333333333	1	2	4	1	1	3	2	2	0.062342251
209	1	4.333333333	4	4	3.333333333	4.5	4	3	2.333333333	3.571428571	3.333333333	0	1	3	2	1	4	2	1	0.001066098
210	1	4.666666667	4.25	4.666666667	3.666666667	4.75	4.333333333	1.666666667	4.333333333	3.714285714	3.666666667	0	2	3	1	1	4	2	2	0.0793298
211	1	4.333333333	4.5	4.333333333	4.333333333	4.5	1.666666667	1.333333333	4.666666667	4.285714286	3	1	3	2	1	1	3	2	1	0.172440945
212	1	4.333333333	4.25	4.333333333	4.333333333	4.25	4	4.333333333	4.333333333	4.285714286	4.333333333	0	3	4	1	1	3	2	2	0.096002733
213	1	4.333333333	3.75	4.333333333	3.333333333	4.5	5	3	2.333333333	4.714285714	3.666666667	0	2	3	2	1	1	1	4	0.002636204
214	1	4.333333333	3.25	4	4	4	3.333333333	3.333333333	2.666666667	3.857142857	3.666666667	0	1	3	2	1	4	2	2	0.045567523
215	1	4.333333333	4.75	4.333333333	4.666666667	4.5	1.333333333	1.333333333	4.666666667	4.285714286	2	0	3	2	1	1	3	2	1	0.604506232
216	1	4.333333333	4	3.333333333	4	4.5	2	3.333333333	4	4.142857143	3	0	3	3	1	1	3	2	2	0.057240099
217	1	2.333333333	3	2.333333333	4	3	2.666666667	3	3	3.428571429	3	0	3	3	1	1	3	2	3	1
218	1	4.666666667	4.5	4.666666667	4.333333333	4	4.333333333	1.666666667	4.333333333	3.857142857	3.333333333	0	2	2	1	1	4	2	2	0.029446254
219	1	4.666666667	4.5	4.666666667	4.666666667	4.5	1.333333333	1.333333333	4.333333333	4.285714286	2.666666667	0	2	2	1	1	3	2	1	0.360805085
220	0	4	4.5	5	3.666666667	3.75	4.333333333	3.333333333	4.333333333	4	4	0	2	4	2	0	4	1	2	0
221	0	4.666666667	4.75	4.666666667	4.333333333	5	4.333333333	3.666666667	3.333333333	4.428571429	2.666666667	1	2	3	1	1	4	2	2	0
222	0	4	4.25	3	2.666666667	4	3	2.666666667	1	3.857142857	2.666666667	0	2	3	1	0	3	2	2	0
223	0	3.666666667	4.25	3.333333333	3.666666667	4	4	3.333333333	2	4	3.666666667	1	3	3	1	0	3	2	2	0
224	0	3	3	3.666666667	3	3.5	2.666666667	3.333333333	2.666666667	3.142857143	3	1	4	3	1	0	3	2	2	0
225	0	4	4	4.666666667	2.666666667	3.75	4.666666667	3	2.666666667	4.142857143	2.333333333	0	2	3	2	0	3	1	2	0
226	0	3.333333333	3.5	2	2	4	3.666666667	2.666666667	1.666666667	4	3	0	3	3	1	0	3	2	2	0
227	0	3.666666667	3.25	3.333333333	3	3.75	3	3	2.666666667	3.857142857	3	1	2	3	1	0	4	2	2	0
228	0	5	5	4	4	4	4	4	1.666666667	4.285714286	4	0	4	3	1	0	3	2	2	0
229	0	4.666666667	5	5	4.666666667	5	5	2.333333333	1.333333333	4.285714286	5	1	4	3	1	0	3	2	1	0
230	0	3.666666667	3	3.333333333	3	3.75	5	3.666666667	1.333333333	3.857142857	3	0	2	4	2	0	4	1	2	0
231	0	4	3.75	4	3.666666667	4	3	3	3	3.714285714	3	0	2	4	1	0	3	2	3	0
232	0	4	4	3.333333333	2.666666667	4.5	4	2.666666667	2	4	3	0	1	3	2	0	2	1	2	0
233	0	4	4.5	4.666666667	4.666666667	4	3.666666667	4.333333333	3.666666667	3.714285714	4	1	5	3	2	0	3	2	3	0
234	0	4	3.25	3	3	3	3	3	3	3.857142857	3	0	1	4	2	0	4	1	1	0
235	0	4	3	2	3	3	3	3	2	4.285714286	3	1	4	3	1	0	3	1	1	0
236	0	5	5	3.666666667	4.333333333	5	5	2.333333333	2.333333333	4.428571429	4	1	2	3	2	1	3	1	2	0
237	0	4	4	3	3	3.75	4.666666667	4.333333333	2	4.142857143	3.333333333	0	1	4	2	0	3	1	2	0
238	0	3.333333333	3.5	2.333333333	2.666666667	3.75	2.333333333	1.666666667	1.666666667	4.285714286	2.666666667	0	4	2	1	0	3	1	3	0
239	0	5	5	4	3	3	3	3	2	4.285714286	3	1	4	3	1	0	4	2	2	0
240	0	3.666666667	3.5	4.333333333	3.666666667	4.25	4.333333333	4.666666667	4	3.714285714	4.666666667	1	2	4	2	0	1	1	1	0
241	0	5	5	2.333333333	3.666666667	4.5	3	3	1	4.428571429	3	0	2	4	2	0	4	1	1	0
242	0	3	3	3	3	3	3	3	3	4.285714286	3	1	4	2	1	0	4	1	1	0
243	0	4.333333333	3.75	3	4	4.25	4.666666667	3.333333333	2.333333333	4.571428571	4.333333333	1	2	3	1	0	4	2	1	0
244	0	4.666666667	3.25	4.666666667	2.333333333	3.75	5	2.666666667	1.666666667	4.142857143	4	0	1	3	2	0	4	3	3	0
245	0	4.333333333	3.25	3.333333333	3.666666667	4.5	4	2.333333333	1.666666667	3.857142857	2.666666667	0	2	3	1	0	4	2	1	0
246	0	3	3.75	3	3.333333333	3.25	3.666666667	3.333333333	3.666666667	4	3	0	2	3	2	0	3	1	1	0
247	0	5	4	4.333333333	4.333333333	4.5	3.333333333	2	2.333333333	4.285714286	3.666666667	1	2	3	1	0	2	1	1	0
248	0	4.333333333	3.25	4	3.333333333	4.25	4.666666667	2.333333333	3.333333333	3.714285714	4.333333333	0	2	4	1	0	4	2	2	0
249	0	4.333333333	3.75	3.666666667	3	4.75	3.666666667	2.666666667	1.666666667	4.285714286	4.333333333	0	1	3	2	0	4	2	2	0
250	0	5	5	5	5	5	5	5	5	5	5	1	4	3	1	1	4	2	1	0
251	0	5	5	3	3	5	5	3.333333333	2	5	3	0	1	4	2	0	4	2	2	0
252	0	4.333333333	4	3.333333333	3.333333333	4.25	3	1.666666667	2.333333333	3.571428571	3	1	3	3	2	0	2	1	2	0
253	0	3	3.25	2.666666667	2.666666667	3.25	2.666666667	3.333333333	3	3	3.333333333	0	2	3	1	0	3	2	1	0
254	0	3.666666667	3	3.666666667	3	4.25	3.666666667	2.666666667	3.666666667	4.428571429	3.333333333	1	4	2	1	1	4	2	1	0
255	0	2	2.75	4	3	3	3	3	2.333333333	3.285714286	3	0	1	3	2	0	4	1	1	0
256	0	5	4.25	3.333333333	3.666666667	4.5	4.666666667	3.333333333	2	4.857142857	2.333333333	0	4	3	1	0	3	2	1	0
257	0	4	4.75	3.666666667	4	4.75	3	3.666666667	2	4	2.666666667	0	2	3	1	0	3	2	2	0
258	0	5	3.75	4.666666667	5	5	3	2.333333333	5	4	2.666666667	1	3	3	1	0	3	2	2	0
259	0	4.666666667	3.5	4	4.666666667	4.5	3.333333333	3	3.333333333	4.285714286	3	0	2	3	1	0	4	2	2	0
260	0	5	5	4	5	4.75	2	1.666666667	3	4	4.333333333	0	3	3	1	0	3	2	1	0
261	0	5	5	3.333333333	3	3.75	4	3	3	4	3.333333333	0	1	3	2	1	4	2	1	0
262	0	3.666666667	3.5	3.666666667	2.666666667	3.75	3.666666667	3.666666667	1.666666667	3.714285714	3.333333333	0	2	3	2	0	3	1	2	0
263	0	4	4	2.666666667	4.333333333	4.25	3	3.333333333	1.333333333	4.285714286	2.333333333	1	3	3	1	0	3	2	2	0
264	0	5	5	5	3.666666667	4.25	3	2.666666667	3	5	5	0	4	2	1	0	3	1	1	0
265	0	3.333333333	5	3	3.333333333	4.25	3	4.666666667	2.333333333	4.571428571	3.333333333	0	4	3	1	0	4	1	1	0
266	0	5	1	5	3.666666667	5	3.666666667	3	3.666666667	4.428571429	3	1	4	3	1	0	4	2	2	0
267	0	5	5	5	5	5	5	5	5	5	5	0	4	1	1	1	4	1	1	0
268	0	3.333333333	2.5	3.333333333	3	4.5	2.333333333	2.333333333	2	4.142857143	3	1	3	3	1	0	4	2	2	0
269	0	4	4	3.333333333	3	3.75	3	3	2	4.857142857	3	0	4	1	1	1	3	1	1	0
270	0	5	5	5	3.666666667	5	5	2.666666667	3.666666667	4.428571429	3	1	4	3	1	0	4	2	1	0
271	0	3	3.25	1.666666667	3	3.75	3	2.666666667	1	3.857142857	3	0	4	3	1	0	3	1	1	0
272	0	3	3	3	3	3	3	3	3	3	3	1	4	2	1	1	4	1	1	0
273	0	3.666666667	4.25	3.333333333	3.333333333	4.5	2.666666667	3.333333333	2.333333333	4.142857143	3	0	3	2	1	0	3	2	1	0
274	0	3	3.75	3.666666667	3	3.25	3.666666667	2.333333333	3.333333333	3.857142857	3	1	3	4	1	0	4	2	3	0
275	0	3.666666667	3.75	2.666666667	2.666666667	4	2.666666667	3	2.333333333	4.142857143	2.666666667	0	1	3	2	0	3	1	2	0
276	0	4.333333333	4.5	4.333333333	4.666666667	4.5	4.333333333	4	4.666666667	4	4.333333333	0	2	3	2	0	3	1	2	0
277	0	3	3.75	5	3	3	3	3.333333333	1	4.285714286	4	0	2	3	2	0	4	1	4	0
278	0	4	3.5	3.333333333	3.666666667	3.75	4.333333333	3	2.333333333	4.428571429	4	0	4	3	1	0	3	1	1	0
279	0	5	5	2.666666667	3.666666667	4	4	3.333333333	2.666666667	4.285714286	3.666666667	0	4	3	1	0	3	1	2	0
280	0	3.333333333	2.75	2	2	4	3	3.666666667	2	3.714285714	2.333333333	1	2	3	2	1	4	2	2	0
281	0	3.666666667	3	2.666666667	4.666666667	4	2.333333333	3.333333333	3	3.571428571	2.666666667	0	3	3	1	0	4	3	2	0
282	0	3.333333333	4	4	3.333333333	4	3.333333333	3	2	3.714285714	4	0	4	2	1	0	3	3	1	0
283	0	3.666666667	3.5	2.666666667	3.666666667	4.25	3	2.666666667	1	4.428571429	3	0	1	3	2	0	4	2	3	0
284	0	3.666666667	3.25	3	2	3.25	5	2.666666667	2	4.571428571	3.666666667	0	1	3	2	0	3	1	2	0
285	0	3.666666667	3.5	3.666666667	2.333333333	3.75	3.333333333	3	2	3.428571429	3.666666667	0	1	3	2	0	4	2	3	0
286	0	4.333333333	3.25	4	3.333333333	4.75	2.666666667	2.333333333	3.333333333	4.571428571	2.666666667	0	2	3	1	1	4	2	2	0
287	0	3.666666667	3.25	3	3	3.75	3.666666667	1.666666667	2	3.142857143	3.666666667	1	2	3	1	0	4	2	2	0
288	0	4	2.25	4	3	3.5	2.333333333	3.333333333	3.666666667	3.714285714	3	1	3	3	1	0	3	2	2	0
289	0	3	2.75	2	3	3.5	2.666666667	2	2	4.285714286	2.666666667	0	1	3	2	0	4	1	2	0
290	0	3.333333333	3.25	2.666666667	2.333333333	2.75	4	3	1	3.142857143	3	0	1	3	2	0	2	2	1	0
291	0	3.666666667	3.75	3.666666667	3.333333333	4.75	4.666666667	3.333333333	2.333333333	4	2.666666667	0	1	3	2	0	4	2	1	0
292	0	3.333333333	3.5	3.333333333	3	2.5	3	3.333333333	3	3.428571429	2.666666667	0	3	3	1	0	3	2	2	0
293	0	5	3.5	4.333333333	4	5	3	3.666666667	3.333333333	4	3.666666667	1	1	3	2	0	3	1	1	0
294	0	4.666666667	4.25	3.666666667	3.333333333	4.25	2.333333333	2	1	3.571428571	3	0	1	3	2	0	3	1	2	0
295	0	3	4.5	3.333333333	3	3.75	3	2.666666667	1.333333333	4.428571429	2.666666667	0	2	3	1	0	3	2	1	0
296	0	3.666666667	4.25	2	3.666666667	4.25	4.333333333	4	1.333333333	4.428571429	3.666666667	0	1	3	2	1	4	2	1	0
297	0	3.666666667	4	3.666666667	3.333333333	4	2.666666667	1.666666667	2.333333333	4.285714286	3	1	3	3	1	0	3	2	2	0
298	0	4.333333333	4.5	4.666666667	3.333333333	4.5	5	3.333333333	2.666666667	4.285714286	3.666666667	0	1	3	2	0	4	2	1	0
299	0	2.666666667	3.5	2	2.666666667	4	4.333333333	3.333333333	2.333333333	3.857142857	3	1	2	3	1	0	4	2	2	0
300	0	3.333333333	3	3	3.333333333	4	3.666666667	3	1.666666667	4	2.666666667	1	1	3	2	1	4	2	2	0
301	0	4.333333333	4.25	4.666666667	3	4.25	1.333333333	2.666666667	3	4	3.666666667	0	1	3	1	0	3	1	2	0
302	0	4	4	3	2.666666667	4.25	4.666666667	2.333333333	1.666666667	4	3.666666667	0	1	3	2	0	4	1	2	0
303	0	3.333333333	3.25	2.333333333	3	3.75	4.333333333	2.666666667	1.666666667	3.857142857	2.666666667	0	2	3	1	0	4	2	2	0
304	0	4	3.5	3.333333333	3.333333333	4.25	3.666666667	2.666666667	2.333333333	3.857142857	3.666666667	0	1	3	2	1	4	2	2	0
305	0	3.333333333	3.75	2.333333333	4	3.5	4	2	3	3.857142857	3	1	1	3	2	0	3	1	2	0
306	0	3.666666667	2	2.666666667	2.666666667	4	3.666666667	3.333333333	1.666666667	4.142857143	3	0	1	3	2	1	4	3	1	0
307	0	4.333333333	3.25	4.333333333	3.666666667	4.75	3	2	2.333333333	4	2.666666667	1	2	3	1	0	3	2	2	0
308	0	4	4.25	3.666666667	4	4.75	3.666666667	4	3	4.285714286	2.666666667	0	1	3	1	0	2	1	2	0
309	0	2.666666667	4.5	2.666666667	3	3.75	4.333333333	4.333333333	2	3.857142857	3.666666667	1	1	3	1	0	4	2	2	0
310	0	3.666666667	3.25	3.333333333	2.333333333	3.75	3.333333333	2.666666667	2	3.714285714	3.333333333	0	4	3	1	0	3	2	2	0
311	0	3.333333333	3.5	3.666666667	3.666666667	3.75	3	2.666666667	2.666666667	4	2	0	2	3	1	0	3	2	2	0
312	0	2.666666667	3	3	2.333333333	3.25	3.333333333	3.666666667	1	3.428571429	3	0	1	3	2	0	2	1	1	0
313	0	3.666666667	3.25	2.333333333	3	3.5	3	3	1	3.857142857	3	0	1	3	2	1	4	2	1	0
314	0	4	4	4.333333333	3.333333333	4	3.666666667	3.333333333	3	4.285714286	2.666666667	0	2	3	1	0	2	1	3	0
315	0	4.666666667	3.25	3.333333333	2.666666667	3.75	4.666666667	4.666666667	2.666666667	4	2.666666667	0	2	4	1	0	4	2	2	0
316	0	4	4	4.666666667	4	4.75	3.666666667	3	1.666666667	4	2.666666667	0	1	3	2	1	4	2	1	0
317	0	3.333333333	3.5	2.333333333	2.333333333	3.75	4.333333333	3	1.666666667	3.857142857	2.333333333	0	1	3	2	0	4	1	2	0
318	0	4.333333333	4.25	4	3.666666667	4.5	3	2.333333333	3.333333333	3.857142857	3	1	2	3	1	0	4	2	2	0
319	0	4.333333333	4.75	4	4.333333333	4.5	3	2	4	4	2.666666667	0	2	3	2	0	3	1	2	0
320	0	4	3.5	3	3.666666667	4.25	3.666666667	2.333333333	1.666666667	3.714285714	3	0	2	3	1	0	4	2	2	0
321	0	4.333333333	4.5	3.666666667	3.333333333	4	3	2.333333333	2.333333333	4.428571429	3.333333333	1	2	3	1	0	2	1	2	0
322	0	3.666666667	3.75	3	3	3.75	3	3.333333333	1	4.428571429	3	1	2	3	2	0	1	1	2	0
323	0	3	3.75	3	2.333333333	4	5	3.666666667	1.666666667	4.571428571	2.666666667	0	2	3	1	0	2	1	2	0
324	0	5	4	5	4.333333333	4.75	2.666666667	2	5	3.714285714	2.666666667	0	1	3	2	0	3	1	2	0
325	0	3	3.5	3.666666667	3.666666667	3.75	4	4	4	4.571428571	4	1	2	3	1	0	2	1	1	0
326	0	4	4.75	3.666666667	4.333333333	5	3.333333333	3.333333333	2.666666667	4.428571429	2.666666667	0	2	4	1	0	3	2	2	0
327	0	4.666666667	4.5	4	3	4.5	3	2	3	4.285714286	2.333333333	0	2	4	3	0	4	2	2	0
328	0	4.666666667	3.25	3	3	4	4	3.333333333	2	4.142857143	3.333333333	0	1	3	2	0	4	2	1	0
329	0	4.333333333	4	2.666666667	2.333333333	3.25	4	3	1.333333333	3.571428571	3	0	3	3	1	0	4	2	2	0
330	0	4.333333333	3.75	3.333333333	3.333333333	3.75	3.333333333	2	2	4.142857143	2.333333333	1	2	4	1	0	4	2	2	0
331	0	3.666666667	3.25	3	3	4	4.333333333	1.666666667	1.666666667	4.428571429	2.666666667	0	1	3	2	1	4	1	1	0
332	0	4.333333333	2.75	2.666666667	2.333333333	4	3.666666667	3.333333333	2.666666667	3.857142857	4	0	2	3	1	0	2	1	2	0
333	0	3.666666667	3.5	2.666666667	3	4	3.666666667	3.666666667	2	4.142857143	2.666666667	1	2	3	2	0	3	1	3	0
334	0	3.666666667	3.75	3.333333333	3.333333333	3.75	4.666666667	2.666666667	1.333333333	3.857142857	3	0	1	3	2	0	4	2	1	0
335	0	3.666666667	4.25	3.333333333	3.333333333	4.25	4	3.333333333	2.333333333	3.857142857	3.333333333	0	1	4	2	0	4	3	2	0
336	0	4	3.5	3	2.333333333	3.5	3.333333333	2.333333333	2.333333333	3.857142857	3	1	3	3	3	0	3	1	1	0
337	0	4.333333333	4	3.666666667	3.333333333	3.75	4	3.333333333	3.666666667	4.428571429	4	1	3	3	1	0	4	2	3	0
338	0	2.666666667	3.5	1.666666667	2.666666667	4	4.333333333	3	1.666666667	3.857142857	3.333333333	0	1	3	2	1	3	1	2	0
339	0	4	4	4.333333333	3.666666667	4.25	4	4	4	3.857142857	3	0	1	3	2	0	4	2	2	0
340	0	3.666666667	4.25	2.666666667	3.666666667	4	4.333333333	3.666666667	1.666666667	4	3.666666667	0	2	3	2	0	3	1	3	0
341	0	3.666666667	4	4.333333333	3.666666667	4.5	2.666666667	2.333333333	1.333333333	4.142857143	2	0	1	3	2	0	4	1	2	0
342	0	4	4.75	4	4	4.25	4	2	4.333333333	4.142857143	4	1	4	3	1	0	3	1	2	0
343	0	4	4.75	4	4	4.25	4	4.666666667	4	4.428571429	4.333333333	1	2	3	2	1	4	1	2	0
344	0	5	3	2.666666667	3.666666667	5	3.666666667	1.666666667	1	4.428571429	2.333333333	0	2	4	1	0	2	1	2	0
345	0	5	5	3.666666667	3.666666667	4.5	3	1.666666667	1	4.428571429	3.666666667	1	4	2	1	1	3	2	1	0
346	0	3.333333333	2.5	2.333333333	2.666666667	3.5	2.666666667	3.666666667	1	3.857142857	3.666666667	0	1	3	2	1	4	3	1	0
347	0	4.333333333	4	3.333333333	3.666666667	4.75	2.666666667	1.666666667	1.666666667	4	2.666666667	0	3	2	1	0	3	2	2	0
348	0	4	4.5	3.333333333	2	4	2	2.333333333	1.666666667	3.571428571	2.666666667	0	2	4	1	0	4	2	2	0
349	0	2.666666667	4	2.666666667	2.666666667	4	4.333333333	4	1.666666667	3.857142857	3.333333333	0	2	4	1	0	3	2	2	0
350	0	5	4.75	4.333333333	5	5	5	2	2.666666667	4.428571429	5	0	1	3	2	0	3	1	2	0
351	0	4.666666667	3.5	3.666666667	3.333333333	4.75	4	2	1.333333333	3.571428571	3.333333333	1	1	2	2	0	3	1	1	0
352	0	4	4	2.666666667	3.666666667	4.75	3.333333333	2.666666667	1.666666667	4.285714286	3	0	1	3	2	0	3	1	1	0
353	0	4.333333333	4.25	3.333333333	3.333333333	4.25	2.666666667	2.666666667	2	4.142857143	2.666666667	1	2	4	2	0	3	1	3	0
354	0	3.333333333	3	5	3	4.75	2.333333333	2	2.333333333	3.714285714	3	0	1	3	3	0	4	1	2	0
355	0	2.666666667	2.5	2	3	2.5	3.333333333	2.333333333	2.333333333	4	3.333333333	1	2	3	2	0	4	2	2	0
356	0	4	4.25	3.666666667	4	3.75	1	1	3.333333333	3.857142857	2.666666667	1	2	3	2	0	1	1	2	0
357	0	3.333333333	4	3.333333333	3	4	3.666666667	2.333333333	2	4	2.666666667	0	1	3	2	0	4	2	2	0
358	0	3.666666667	3.25	3.666666667	3.333333333	4	4.333333333	4	2.666666667	4.142857143	3.666666667	0	1	3	2	0	1	1	1	0
359	0	4	4	4.333333333	3.666666667	4.5	3	3	2.666666667	4.285714286	3.333333333	1	4	3	1	0	3	3	2	0
360	0	3.333333333	3	3.333333333	2.666666667	4	4	2.333333333	2	4	4.333333333	1	3	3	1	0	3	2	4	0
361	0	3.666666667	3.75	3	3	3.75	3	3	2	4	3	1	4	4	1	0	3	2	2	0
362	0	3.666666667	2.75	3.666666667	3	4	3	3	3.333333333	4	3.666666667	1	1	3	2	0	4	1	1	0
363	0	3.666666667	4	4.333333333	3	4.25	4.666666667	3	4	3.857142857	4	1	1	4	2	1	4	1	2	0
364	0	4.333333333	3.5	4	3.333333333	4.75	3.333333333	3	2	3.142857143	2.333333333	0	1	3	2	0	3	1	2	0
365	0	3	3	3	3	2.75	3.333333333	3.333333333	1	4.428571429	2	0	4	3	1	0	2	2	1	0
366	0	4.333333333	4	3	4	4	4	3.666666667	2.333333333	3.714285714	3	0	3	3	1	1	4	2	2	0
367	0	4.333333333	4.25	3	4.333333333	4.75	2	1.666666667	1.666666667	3.857142857	3	1	3	3	1	0	3	2	2	0
368	0	5	5	3.333333333	3.666666667	5	3	2.333333333	3.666666667	3.857142857	4	0	4	2	1	0	3	2	3	0
369	0	4	4	4	4	4	4	4	4	4	4	1	4	3	1	0	4	1	1	0
370	0	3.666666667	3	2.666666667	3.666666667	4.5	3	2.666666667	2	3.714285714	4	0	2	3	1	0	4	2	3	0
371	0	4.666666667	4.25	3.333333333	4.333333333	3.75	5	4.666666667	3.333333333	4.428571429	3.666666667	1	4	3	1	1	4	1	1	0
372	0	3.333333333	3	2.333333333	3	3.75	4	2.666666667	1.666666667	4.285714286	3.333333333	1	3	3	1	0	4	2	2	0
373	0	3.666666667	4.75	3.333333333	2.333333333	4.25	4.333333333	2.666666667	1.666666667	4.428571429	3.333333333	0	4	3	1	0	2	1	1	0
374	0	3.333333333	3.5	3	3.333333333	4	3.333333333	1.666666667	3	4	2.333333333	1	1	3	2	1	4	2	2	0
375	0	3	3	3	2.666666667	3.5	3.333333333	3	1.333333333	3.857142857	3	1	3	3	1	0	4	2	2	0
376	0	4.666666667	4.25	3.333333333	4.333333333	4.5	3	1.666666667	1.333333333	4	3	1	3	2	1	0	4	2	2	0
377	0	5	4.5	5	3	3.75	4	2.333333333	2	4.857142857	3	1	4	3	1	1	4	2	1	0
378	0	3.333333333	3.5	2.333333333	2.333333333	3.75	5	3	1.666666667	4	2.666666667	0	2	3	2	0	4	2	1	0
379	0	2.333333333	3.5	3.666666667	2.666666667	4.5	4.333333333	2.333333333	1.666666667	3.714285714	3	0	1	3	2	0	4	2	2	0
380	0	4.666666667	4	4.666666667	4	2	4	4	4	4.571428571	3.333333333	1	4	3	1	0	3	1	2	0
381	0	3.666666667	3	4.333333333	3	4.5	4.333333333	2.666666667	2.333333333	4.142857143	3.333333333	1	1	3	2	0	3	1	1	0
382	0	4	3	3	3.333333333	3.75	3	3.333333333	3	4.142857143	3.333333333	0	1	3	2	1	3	1	1	0
383	0	4.666666667	5	4.333333333	4.666666667	5	4.333333333	3	4	4.428571429	5	1	4	2	1	0	2	1	1	0
384	0	3.333333333	4.5	3	2.333333333	3.25	5	4.666666667	1.666666667	4.142857143	3.333333333	0	2	3	1	0	4	2	3	0
385	0	2.666666667	3	2	2.666666667	4.25	4	3	1	4	2.666666667	0	1	3	2	0	3	2	2	0
386	0	3.666666667	4	3.333333333	3	3.25	3	3	2	4	3	1	1	4	2	1	3	1	1	0
387	0	3.333333333	3.75	3	3	3.75	3	3	1.333333333	4	3.333333333	0	4	3	1	0	3	1	2	0
388	0	4	4.75	4.666666667	3	4	4	3.333333333	3	4.285714286	4.333333333	0	3	3	1	0	4	2	2	0
389	0	3.333333333	3.75	3.333333333	4	3.5	3.333333333	2.666666667	2.666666667	3.857142857	3.333333333	1	3	3	1	0	3	2	2	0
390	0	4.666666667	2.75	3.666666667	4.333333333	4.5	2.333333333	3.333333333	3.666666667	4.142857143	3	0	3	3	1	0	3	2	3	0
391	0	3.333333333	3	2.333333333	3	4.75	5	3.666666667	1.333333333	4.285714286	2.333333333	0	1	2	2	0	3	1	1	0
392	0	4	2.5	2.666666667	4	3.75	2.666666667	3	2	3.857142857	3.333333333	1	1	3	2	0	2	1	1	0
393	0	3.333333333	3.75	3.333333333	4	4.5	3.333333333	3.333333333	2	3.428571429	3.333333333	1	1	3	1	0	4	1	2	0
394	0	3.666666667	3.5	4	3.333333333	3.75	4.666666667	2.333333333	3	4.857142857	3.333333333	1	4	3	1	0	3	1	2	0
395	0	4.333333333	3.5	2.666666667	4	5	1.666666667	1.666666667	2	4	3	0	2	4	1	0	3	2	2	0
396	0	4.333333333	3.25	3.333333333	1.666666667	4.25	4.333333333	2.666666667	1	4.714285714	3	1	2	3	1	0	2	1	2	0
397	0	3.333333333	3.5	3.666666667	3.666666667	3.75	3	2.333333333	2	3.285714286	3	0	2	2	1	0	4	2	2	0
398	0	4.333333333	4.5	2.333333333	4	4	3.333333333	2.666666667	2.666666667	4.142857143	2	1	4	3	1	0	2	1	2	0
399	0	3.666666667	3.5	2.666666667	3	3	3	2.666666667	2	3.714285714	3	0	4	3	1	0	3	2	2	0
400	0	4	4.25	3.333333333	4.333333333	4.25	4	4.666666667	3.666666667	3.285714286	4.333333333	1	3	3	1	0	3	2	1	0
401	0	5	5	3.333333333	4.666666667	4.75	5	3	1	3.857142857	3.666666667	1	1	3	2	0	2	1	1	0
402	0	3.333333333	4	3.666666667	3.666666667	4.5	3.333333333	2.666666667	3.333333333	4.285714286	3	0	2	4	1	0	4	2	2	0
403	0	4	4.5	3.666666667	3.333333333	4.25	3.666666667	2.666666667	2.333333333	4.428571429	3	0	4	3	1	0	3	1	3	0
404	0	4.666666667	3.25	3.333333333	4.333333333	4.25	5	4	3	3.428571429	4	1	1	3	2	0	4	2	1	0
405	0	4.666666667	3.25	3	2.666666667	3.75	4.333333333	2.666666667	1.333333333	4.142857143	3.333333333	0	1	3	2	0	4	1	1	0
406	0	4.666666667	4.25	4.666666667	4.666666667	5	4	3.666666667	1	4.571428571	5	0	1	3	2	1	4	1	1	0
407	0	3.666666667	4	3.333333333	3	4	4	3.333333333	2.333333333	4	3.666666667	1	3	3	1	0	3	2	2	0
408	0	4	3.75	4.333333333	3.666666667	4.75	4	2.666666667	2	4	3.333333333	0	2	3	2	0	3	1	2	0
409	0	3.666666667	1.75	2	3.333333333	3.75	5	3	1.666666667	4.142857143	4	0	1	3	2	0	3	1	2	0
410	0	4.666666667	4	3.666666667	3.333333333	4	2.666666667	2.666666667	2.666666667	3.714285714	2.666666667	1	2	3	1	0	3	2	2	0
411	0	4.333333333	3.5	3	2.333333333	4.75	3.333333333	2.666666667	2.333333333	3.857142857	2.666666667	0	1	3	2	0	3	1	2	0
412	0	3	3.5	3	2.666666667	3.5	3	3	2.666666667	3.285714286	2.666666667	1	1	3	2	1	3	2	1	0
413	0	5	4.75	4.666666667	5	5	5	4.666666667	4.666666667	4.428571429	5	0	3	3	3	0	2	2	2	0
414	0	2	2.75	1.666666667	2.333333333	3	4.333333333	4	2	3.714285714	4	1	1	3	2	1	4	2	1	0
415	0	3	4	2.666666667	3	3	3	3	1	4.142857143	3	0	2	1	1	1	4	2	1	0
416	0	4.333333333	4.5	4.666666667	4.333333333	4.5	2.333333333	2.666666667	3	3.857142857	2.333333333	1	4	2	1	1	4	2	1	0
417	0	4.333333333	3	4	4.333333333	4.5	2.666666667	2	4.333333333	3.857142857	2.666666667	0	1	3	2	0	3	1	3	0
418	0	4	4	4	3.333333333	3.75	3.333333333	3	2	5	2.666666667	1	1	3	2	0	4	2	1	0
419	0	4	2	4.333333333	2.666666667	4.75	5	1	3.666666667	3.857142857	3.666666667	1	3	3	1	1	4	2	2	0
420	0	5	5	5	3	3	3	3	3	4.714285714	3	1	3	3	1	0	4	2	2	0
421	0	5	5	4.333333333	1.666666667	4.25	5	3.333333333	4	4.428571429	4	1	3	3	1	0	3	2	1	0
422	0	3.333333333	3.5	2.666666667	3	5	3	3	1.333333333	4	3	1	1	3	2	0	3	1	2	0
423	0	3	3.5	1.666666667	3.666666667	4.75	4	2	1	4.428571429	3.333333333	0	1	3	2	1	4	2	1	0
424	0	5	5	5	4.333333333	4.75	3.333333333	2.333333333	3.333333333	4.428571429	3.333333333	1	4	4	1	0	3	1	2	0
425	0	4.333333333	4.25	3	3.666666667	4.5	3	1.666666667	1.333333333	4.285714286	3	1	3	3	1	0	3	2	2	0
426	0	3.666666667	3	3.666666667	3.333333333	4.5	3.333333333	2	3.333333333	4.428571429	2.333333333	1	1	2	2	1	4	1	1	0
427	0	3.666666667	4.5	3.333333333	2.666666667	4.25	2.666666667	2	2.333333333	4	3	0	4	2	1	0	4	1	2	0
428	0	5	4.25	3.333333333	3.666666667	4.5	5	1.666666667	2	4.571428571	3	1	3	3	1	0	4	2	1	0
429	0	2	1.25	3	2.666666667	3.5	1.666666667	2.666666667	1.333333333	3.857142857	2.666666667	1	1	1	2	0	4	3	1	0
430	0	3.666666667	4	3.333333333	3	3.75	2.666666667	2.666666667	2	3.714285714	3	1	4	3	1	0	3	1	2	0
431	0	5	5	3	3.666666667	4	5	2.333333333	1.666666667	4.857142857	3	0	1	3	2	0	3	1	2	0
432	0	3	3.5	3	3	3	3	3	3	3.714285714	3	1	4	3	1	0	4	1	1	0
433	0	4	4	4	3	3.75	4.333333333	3.666666667	2	4.142857143	3	0	1	4	2	0	3	1	1	0
434	0	4	4	3.666666667	3	3.75	3	3	1	4.285714286	3	0	3	3	1	0	3	2	2	0
435	0	4	4.75	4.333333333	4	4.75	3	3.333333333	3	4.428571429	4.333333333	0	1	2	1	1	4	2	1	0
436	0	2	1.25	3.666666667	3	3.5	4	1.666666667	2.333333333	3.428571429	3.666666667	1	1	3	2	1	4	1	1	0
437	0	4	4.5	2.333333333	2.333333333	4.5	3	2.666666667	2	4.142857143	3.333333333	1	1	3	2	0	3	1	2	0
438	0	3.666666667	4	3.333333333	3.333333333	4	3	3	3	4.142857143	3.666666667	0	3	3	1	0	3	2	1	0
439	0	3	2.75	3.666666667	3	2.75	3.333333333	3	3.333333333	4.714285714	2.666666667	1	3	3	1	0	4	2	2	0
440	0	3	3	3	3.333333333	3.75	4	3.333333333	4	4.285714286	3.666666667	1	3	1	1	1	3	2	1	0
441	0	2	3	3.333333333	2.333333333	2.75	3.333333333	2.666666667	3	3.285714286	2.666666667	0	1	4	2	0	3	3	1	0
442	0	3	3.75	3.666666667	3	4.25	3	3	2	4.428571429	3	1	2	3	2	0	3	1	2	0
443	0	3.333333333	3.25	3.666666667	2.666666667	3.5	4	2.666666667	2.333333333	4	3	0	3	3	1	0	3	2	2	0
444	0	4	3	3	2	4.5	2.666666667	3.333333333	1	3.714285714	3	1	2	4	2	0	4	1	1	0
445	0	3.666666667	3	3	3	3	3	3	1.333333333	4.285714286	3	0	3	2	1	0	3	2	1	0
446	0	3	4.25	2.666666667	3.666666667	4.5	2.666666667	3.666666667	1	4.428571429	3.333333333	1	1	2	2	0	4	2	2	0
447	0	4.333333333	3.25	4	3.666666667	4	4	2	3.333333333	4.428571429	2.333333333	0	2	3	1	0	2	1	1	0
448	0	4	4	4	3.333333333	3.75	3	3	3	4.285714286	3.333333333	0	3	3	1	0	4	2	2	0
449	0	5	5	5	4.333333333	5	3.666666667	4.666666667	2	4.285714286	5	0	2	4	2	0	1	1	1	0
450	0	2.666666667	3	2.333333333	1.666666667	2.5	4.666666667	3	1.666666667	3.857142857	2.333333333	1	3	2	3	0	4	2	1	0
451	0	4	3.75	3.333333333	2.666666667	3.5	4.666666667	3.666666667	1.666666667	3.714285714	3.333333333	1	1	3	2	0	3	1	1	0
452	0	3	3.25	3.666666667	2.666666667	4.25	3.666666667	4.666666667	2	4.571428571	3	0	1	3	2	0	3	1	2	0
453	0	5	4	3.333333333	4	5	2.333333333	3	2.333333333	4.857142857	3.666666667	0	2	4	1	0	4	2	2	0
454	0	3.333333333	3.75	4	3.666666667	4.25	4.666666667	3.333333333	2.333333333	4.285714286	3.333333333	1	1	4	2	0	4	1	2	0
455	0	4.666666667	3.5	4.666666667	3.333333333	4.75	3.666666667	3	5	5	4.333333333	1	1	4	2	0	4	1	1	0
456	0	3	2.75	2.666666667	3.333333333	4.5	4	1.666666667	1.333333333	4.142857143	3.666666667	0	1	3	2	0	3	1	2	0
457	0	3.666666667	3.5	3.666666667	4	3.75	3.666666667	3.666666667	3	3.714285714	3	1	4	2	1	1	4	2	1	0
458	0	3.666666667	3.25	2.333333333	2.666666667	2.75	4.666666667	3.333333333	1	4.428571429	3.333333333	1	2	3	1	0	3	2	2	0
459	0	2.666666667	2.75	2.666666667	2.333333333	3.75	4	3.333333333	1.666666667	4.142857143	2.333333333	1	1	4	2	1	3	1	1	0
460	0	3.666666667	3	3.333333333	3	3.75	4	4	2	4.142857143	3	0	1	3	2	1	4	2	1	0
461	0	3	3.75	3.666666667	3.666666667	4.5	3.333333333	1.666666667	2	4.428571429	3.333333333	1	1	3	2	0	3	1	2	0
462	0	3	4	3.333333333	3.666666667	4.25	4	3.333333333	3	4.285714286	3.333333333	1	2	3	1	0	3	2	1	0
463	0	3	3	2	2.666666667	3	3.666666667	4.333333333	2	4.571428571	2.666666667	0	2	2	1	0	3	2	1	0
464	0	4	3	3	3.333333333	3.5	3	3	1.666666667	3.714285714	3.333333333	0	1	3	2	1	4	2	1	0
465	0	4	3.25	3	2.666666667	3.5	3.333333333	2.666666667	2	3.714285714	2.666666667	1	1	3	2	0	3	2	2	0
466	0	4.666666667	4	4.333333333	3	4.5	4	4	2.666666667	3.571428571	2.333333333	0	1	3	2	0	4	2	3	0
467	0	3	3	3	3	3	3	3	3	3	3	0	3	2	1	0	3	2	1	0
468	0	3	4	3	3	3.75	3.333333333	2	3	4.285714286	3.333333333	0	1	2	1	0	3	2	3	0
469	0	4.333333333	4.5	3.666666667	4	4.5	5	4	3	4.142857143	4.666666667	1	2	3	1	0	4	2	1	0
470	0	5	5	5	1	1	5	1	5	5	4.333333333	0	4	3	1	0	2	2	1	0
471	0	4	3.25	2.333333333	2	3.5	4	3	1	4.714285714	3.666666667	0	1	3	2	0	3	1	1	0
472	0	4	3.25	3	3	3.25	4	3	1	4.285714286	3.333333333	0	3	3	1	0	3	2	2	0
473	0	4	4	4	4	4	4	4	4	4.571428571	4	0	4	3	1	0	2	1	3	0
474	0	5	5	5	3	3	3	3	2.333333333	5	3	1	5	2	1	0	4	1	2	0
475	0	4.333333333	3.5	3.333333333	4.666666667	5	5	3.333333333	2	4.285714286	2.666666667	1	1	3	2	1	4	2	1	0
476	0	4.333333333	4	4.333333333	3.333333333	4.5	5	3.333333333	2	3.714285714	4	0	4	3	1	0	2	1	3	0
477	0	3.333333333	3.25	3.333333333	3.333333333	4	3.333333333	1.666666667	1.333333333	4	2.333333333	1	2	4	2	1	4	1	2	0
478	0	4.333333333	4.75	4.666666667	4.666666667	5	4.666666667	2.333333333	4.333333333	4.714285714	4.333333333	1	4	3	1	0	3	2	2	0
479	0	3.333333333	3	3	3	3	3	3.666666667	1	4.428571429	3	1	4	3	1	0	2	1	2	0
480	0	4	4	3.333333333	3	3	3	3	3	3.714285714	3	1	3	3	1	0	3	2	1	0
481	0	4	3	2.333333333	3.333333333	4.5	4	3	1	4.571428571	3.333333333	0	1	3	2	1	4	2	1	0
482	0	3.333333333	4	5	3.333333333	4	3	3	3.333333333	4.571428571	3	1	3	3	1	0	4	2	2	0
483	0	3	3.25	3.333333333	3	3.25	3	3	2.666666667	4.428571429	3	1	3	3	1	0	3	2	3	0
484	0	3.333333333	3.25	3	3.333333333	3.5	3.333333333	3.666666667	3.333333333	3.428571429	3.333333333	1	1	3	2	0	3	2	1	0
485	0	3.333333333	3.5	3.666666667	4	3.75	3.333333333	4	3.333333333	3.285714286	4	1	3	4	1	0	3	2	4	0
486	0	3.666666667	4.25	4.666666667	2	4	4.666666667	3	1.333333333	4	4	0	1	3	2	0	3	2	2	0
487	0	4.333333333	3	2.333333333	2.333333333	4	5	2.333333333	2.333333333	4.428571429	4.333333333	1	1	3	2	1	3	1	1	0
488	0	5	5	2	3.333333333	4	4	3.333333333	2	3.857142857	4	0	1	3	2	0	3	2	1	0
489	0	4	4	3	3	3.75	3.333333333	2.666666667	1	4.428571429	3	0	3	3	1	0	3	1	2	0
490	0	3.333333333	4.25	3.666666667	2	3.5	3.666666667	4.333333333	1	4.285714286	4	1	1	4	2	1	4	2	2	0
491	0	3	3	3	4	4	4	3.333333333	3	3.714285714	4	1	2	4	3	0	2	2	2	0
492	0	3.666666667	3.5	2.666666667	3.333333333	3.5	2.666666667	3.666666667	2	3.857142857	3.666666667	1	2	4	1	0	4	1	2	0
493	0	3.666666667	3.5	3	3.333333333	3.5	3.333333333	2.666666667	2	4.285714286	3.333333333	0	1	1	2	1	3	1	1	0
494	0	3.666666667	3.25	4	3	4.25	4.333333333	1.666666667	2.333333333	3.714285714	3.666666667	1	1	3	2	0	4	1	2	0
495	0	3.333333333	4.25	4.333333333	2.666666667	4	3	2	3	3.857142857	3	0	1	3	2	1	4	2	1	0
496	0	3.666666667	3	2.666666667	2.666666667	2.75	3.666666667	2.333333333	1.333333333	3.428571429	3	1	3	3	1	0	4	2	1	0
497	0	4.333333333	3.5	4	2.333333333	3.25	4.333333333	2.333333333	2.666666667	2.857142857	2.666666667	1	3	4	1	0	3	2	2	0
498	0	4.333333333	3.75	3.333333333	3.666666667	4.75	3	1.666666667	3	4.428571429	2.666666667	0	3	2	1	0	3	2	2	0
499	0	5	5	5	5	5	5	5	5	5	5	1	4	3	1	0	3	1	2	0
500	0	4.333333333	4.75	3.333333333	3.333333333	4	3.333333333	2.666666667	2.666666667	4.285714286	3.666666667	1	4	3	1	0	3	1	2	0
501	0	4	4	2.666666667	2.333333333	3.25	4	3	1.666666667	4	3	0	2	3	1	0	3	2	2	0
502	0	4.333333333	3	3	3	4.5	3	1	1.333333333	4.142857143	3.666666667	1	4	3	1	0	4	2	2	0
503	0	3.666666667	3	3.666666667	3	3	3	3	3	4.428571429	3	0	5	2	1	0	4	2	1	0
504	0	3.666666667	2.5	3.333333333	2.666666667	3	3	4.666666667	1.666666667	3.428571429	3	0	1	3	2	1	4	2	1	0
505	0	5	5	5	4	4.5	3	2	3	4.428571429	3	1	4	4	1	0	3	1	2	0
506	0	4	3.5	3.666666667	3.333333333	4	3.666666667	4	3.666666667	3.857142857	3.666666667	1	1	3	2	0	1	1	2	0
507	0	3	3	3	3	3	3	3	2	4	3	1	2	3	1	0	3	2	2	0
508	0	3.666666667	3.75	2.666666667	2.333333333	4	4	3.333333333	1.333333333	3.571428571	3	0	1	3	2	0	3	1	3	0
509	0	2.666666667	3	2.666666667	2.666666667	4	3	3	1.333333333	4	3	1	1	2	2	1	4	2	1	0
510	0	4	4	3.666666667	3	3.75	4	2.333333333	1	3.142857143	3.333333333	1	1	3	2	0	3	1	2	0
511	0	5	4	2.666666667	1	2	1	3.666666667	1.333333333	4.428571429	5	0	2	1	1	0	4	2	1	0
512	0	3.333333333	3.75	2.333333333	2	3.5	2.666666667	2	1.333333333	3.571428571	2.333333333	0	1	3	2	0	3	1	1	0
513	0	3.333333333	3.25	3	2.666666667	3.5	3	3	2.333333333	3.714285714	3	0	4	2	3	0	1	1	1	0
514	0	3.333333333	3.5	2.666666667	3	3.75	3.333333333	1.333333333	1.333333333	4	3.333333333	1	1	3	2	0	3	1	1	0
515	0	1.333333333	1.5	2	1.333333333	3.5	5	2.333333333	1.333333333	4.428571429	2.333333333	1	1	3	2	0	3	1	3	0
516	0	3.333333333	3.75	3	3	3.5	4	3.333333333	1.666666667	3.857142857	2.666666667	0	1	3	2	0	4	2	1	0
517	0	5	5	4	4.333333333	4.25	5	4	3	4.142857143	5	1	2	3	1	0	3	2	2	0
518	0	2.333333333	3.25	2.333333333	3.333333333	2.5	3	2	2.333333333	3.142857143	2.666666667	1	1	3	2	0	3	1	1	0
519	0	3.666666667	2.75	3.333333333	4	4.5	4	4	3.333333333	4.428571429	4	0	1	3	2	1	4	2	1	0
520	0	4	4	4.333333333	3.666666667	4	3.666666667	4	2.333333333	4.142857143	4	1	4	3	2	0	4	2	2	0
521	0	4	2.75	4	2.666666667	2	3.666666667	4	3.666666667	3.714285714	3.333333333	1	1	3	2	0	3	1	2	0
522	0	3	3.75	4.333333333	3	3.75	2.666666667	2.333333333	1.666666667	3.714285714	3	1	1	3	2	0	3	2	2	0
523	0	3.666666667	3.25	3.333333333	2.666666667	4	4.666666667	2.666666667	1	3.428571429	4.333333333	0	2	3	2	1	4	1	1	0
524	0	4.666666667	4	4.666666667	4	4.75	3.333333333	2.666666667	3.666666667	4.428571429	3.333333333	1	1	3	2	1	4	2	1	0
525	0	2	4	2.666666667	3.666666667	3.5	3	4	3.333333333	3	3.333333333	1	4	3	1	0	2	1	2	0
526	0	4	4.75	2.666666667	4.333333333	4.5	3	2	4.333333333	4.142857143	4.333333333	1	2	1	1	1	4	2	1	0
527	0	5	4	3	3.666666667	3	3	3	1.333333333	4.428571429	3	0	3	3	1	0	3	2	2	0
528	0	4.666666667	2.75	3.666666667	3.666666667	3.25	3	3	1.333333333	2.857142857	3	0	1	3	2	0	3	2	2	0
529	0	4	2.5	3	2	4.75	4	2	2	3.857142857	3.666666667	0	1	3	2	1	3	1	1	0
530	0	4.333333333	4.75	2.666666667	2.666666667	3.75	3	3	1.333333333	4.428571429	3	0	3	1	1	1	4	2	1	0
531	0	4.666666667	4.75	5	4	4.5	4	1.333333333	5	4.571428571	3	1	5	3	1	0	2	2	1	0
532	0	5	5	5	3.666666667	5	5	3	3.666666667	4.285714286	4.333333333	0	1	3	2	1	4	2	1	0
533	0	3	3	2.666666667	3	3	3	3	1.333333333	4.285714286	3	1	1	2	2	1	4	1	1	0
534	0	4.666666667	3.5	4	2.666666667	4	4.333333333	2.666666667	3.333333333	4.285714286	3.333333333	0	1	3	2	1	3	1	1	0
535	0	3.666666667	3.5	3.333333333	3.333333333	3.75	3.666666667	4	3	4.285714286	3.666666667	1	3	4	1	0	4	2	2	0
536	0	3	5	2.666666667	3.333333333	4.25	2.333333333	1.666666667	1	3.857142857	2.333333333	1	1	3	2	1	4	2	2	0
537	0	1.666666667	2.75	3	2.333333333	2.75	2.666666667	3.333333333	1.666666667	2.714285714	2.666666667	0	3	1	1	1	4	2	1	0
538	0	3.666666667	3.5	3	3	4	4	4.333333333	3	3.285714286	3.333333333	1	1	2	2	0	3	2	3	0
539	0	4	3.5	4.333333333	2.333333333	4.5	4.333333333	2.333333333	4.333333333	4.571428571	3.333333333	0	2	3	1	0	2	1	2	0
540	0	4	5	4	3.333333333	3	4	3.666666667	2.333333333	4	3.666666667	1	1	2	1	1	2	1	1	0
541	0	2.666666667	2.5	3.333333333	2.666666667	2.5	3	3	2	3.714285714	3	1	3	1	1	1	4	2	2	0
542	0	3	3.5	3.666666667	2.666666667	3.75	4.333333333	4	2.666666667	4.571428571	4	1	2	3	1	0	3	2	2	0
543	0	3.333333333	3.75	3.333333333	3.666666667	3	3.333333333	2.666666667	2.333333333	3.428571429	2.333333333	0	1	3	2	0	4	2	2	0
544	0	3.666666667	4.5	4.666666667	4.666666667	4.5	4	4.333333333	4.333333333	4.428571429	4.333333333	0	1	3	2	0	3	1	2	0
545	0	3.666666667	4.25	2.333333333	3.333333333	3	4	3	1.666666667	3.714285714	2.666666667	0	1	3	3	0	3	1	1	0
546	0	3.666666667	2.5	3	2.333333333	1	3	5	1	2.428571429	3	1	1	3	2	0	3	1	1	0
547	0	5	5	3.333333333	4	3.75	3	3	3	4	3	1	3	2	1	0	4	2	1	0
548	0	4.666666667	4	2.333333333	3.666666667	4.5	2.666666667	2	1.666666667	4	2.333333333	1	3	3	1	0	3	2	2	0
549	0	5	4.25	3.333333333	4	4.25	3.333333333	3	3	4.285714286	5	0	4	2	1	0	3	2	2	0
550	0	4.666666667	4.25	3	3.666666667	3.25	4.333333333	3.333333333	1.666666667	4.428571429	3.333333333	1	1	3	2	1	4	1	1	0
551	0	3.333333333	3.75	3.333333333	3	3.75	3.666666667	3.333333333	2.333333333	3.857142857	3.666666667	0	1	3	2	1	4	2	1	0
552	0	3	3	3	3	3	3	3	1.666666667	3.857142857	3	0	3	1	1	0	4	2	1	0
553	0	3.333333333	3.75	4.333333333	3.333333333	4.75	4.333333333	4.333333333	4.333333333	4.142857143	4.333333333	1	2	3	2	0	3	1	1	0
554	0	4.666666667	3.75	5	3	4.25	3	3	2	3.857142857	3.666666667	1	1	3	2	1	4	1	1	0
555	0	4.333333333	4.25	3.333333333	3.666666667	4.5	3	1.333333333	1.666666667	3.714285714	3.666666667	1	3	3	1	0	3	1	1	0
556	0	3.333333333	3.75	4.666666667	3.333333333	3.75	4	3	3.333333333	4.142857143	4	1	4	3	1	0	3	2	2	0
557	0	3	2.5	3.333333333	2.666666667	4.25	5	4.666666667	2.333333333	4.285714286	3	1	1	3	1	0	3	1	2	0
558	0	4.666666667	4.25	4.333333333	4	5	4	3	3.333333333	4.428571429	3	1	4	3	1	0	3	2	1	0
559	0	5	5	4.666666667	4	4.25	2.666666667	1.333333333	3.666666667	4.142857143	4.333333333	1	4	3	1	0	4	2	2	0
560	0	3	3.25	3.666666667	2.333333333	3.5	4	4	3	4.857142857	3.666666667	1	3	2	1	0	3	2	1	0
561	0	3.333333333	3.25	2.666666667	3	4	5	4	1.333333333	3.714285714	3.666666667	0	1	3	2	0	3	1	1	0
562	0	4.666666667	4	4.666666667	3.666666667	4.5	1.666666667	2.333333333	4.333333333	4.142857143	3	1	1	3	2	0	3	1	2	0
563	0	3.333333333	3.5	3.333333333	3.333333333	4	4	2	2	4.285714286	2.666666667	0	1	3	2	1	4	3	2	0
564	0	4	3.75	4	3.333333333	4.75	3.333333333	1.666666667	3.333333333	4.142857143	2.666666667	1	1	3	2	1	4	2	1	0
565	0	3	3	3.333333333	3	3	3	3	2	4	3	1	2	3	2	0	1	1	2	0
566	0	2.666666667	3.5	3	2.666666667	4	4.666666667	2.666666667	1.333333333	3.571428571	3.333333333	1	3	3	1	0	3	2	1	0
567	0	3	3.25	2.333333333	3	4.25	3.666666667	2	2.333333333	4	3	1	1	3	2	0	3	1	2	0
568	0	3	3.25	3	1.666666667	3.5	4	3.333333333	1	4.142857143	3.333333333	0	2	3	1	0	2	1	2	0
569	0	2.666666667	2.25	3	3	4	5	4	1.333333333	4.285714286	3.333333333	0	1	4	2	0	3	1	1	0
570	0	3	2.75	3.333333333	3	3	3	3	1.666666667	4	3	1	3	4	1	0	4	2	2	0
571	0	4.333333333	4.25	4.333333333	4.666666667	4.75	4.666666667	4	4	4.428571429	4	1	1	3	2	0	4	2	2	0
572	0	5	5	5	3.666666667	5	4	3	3.666666667	4.428571429	5	1	1	3	1	1	4	2	2	0
573	0	4	4.5	3.333333333	3.333333333	4.75	4.666666667	3	1.333333333	4.571428571	2.333333333	1	2	3	2	0	3	1	2	0
574	0	4.333333333	4	3.333333333	3.666666667	4.75	3.666666667	3	2.666666667	4.285714286	3.666666667	0	1	3	2	0	3	1	2	0
575	0	3.666666667	3.5	4	3	4.5	4.333333333	3.333333333	2.666666667	3.857142857	3.666666667	1	2	2	2	1	4	1	1	0
576	0	4.666666667	4.75	4.666666667	3.666666667	3.5	4	3.666666667	2	4.142857143	3.666666667	1	2	3	1	0	2	1	4	0
577	0	3.666666667	2.75	2.333333333	2.666666667	3.5	4.666666667	1	1	4	3.333333333	1	2	3	1	0	2	1	2	0
578	0	4	3.25	3.333333333	3.666666667	4.25	3.666666667	3	2.333333333	4	2.666666667	1	2	3	1	0	3	1	3	0
579	0	3.666666667	3.75	3.666666667	3.333333333	4.5	3.666666667	3.666666667	2.333333333	4.571428571	3.666666667	0	1	4	2	0	4	1	1	0
580	0	4	3.25	4	3	4	4.333333333	2.333333333	2.666666667	4.571428571	3	0	2	3	1	0	3	2	3	0
581	0	3.333333333	3.25	2.333333333	2.333333333	3.25	3.666666667	3.333333333	1.666666667	4	3	1	1	3	2	0	4	1	2	0
582	0	4	3.25	2.666666667	2.666666667	3.5	3.333333333	2.666666667	1.666666667	4.142857143	3	1	1	3	2	1	4	2	1	0
583	0	4	2.75	2.666666667	4	4.5	3.666666667	3.333333333	2.666666667	4.428571429	2.333333333	1	1	2	2	1	4	1	1	0
584	0	3.666666667	4	3.666666667	3.666666667	3.75	3	3	2.333333333	4.428571429	2.666666667	0	1	3	2	0	4	2	2	0
585	0	3	3	3	3	3	3	3	3	4.428571429	4	1	2	3	1	0	4	2	2	0
586	0	4	2.5	2.666666667	2.333333333	3.5	5	5	1	4.714285714	3.333333333	0	1	4	2	0	4	1	1	0
587	0	3	3	3	3	3.75	4	3.333333333	2	3.857142857	2.666666667	1	2	4	2	0	3	1	2	0
588	0	4.333333333	4.25	2.666666667	2	4	3	2.666666667	2	4	3	1	2	2	1	0	3	2	2	0
589	0	3.333333333	3.25	3.666666667	2.666666667	3.25	4	4	1	3.714285714	3	1	2	3	1	0	3	2	2	0
590	0	4.666666667	3.75	3.666666667	4	4	4.666666667	5	4	3.857142857	3.666666667	1	3	3	1	0	4	2	2	0
591	0	4.333333333	5	5	3.333333333	4.25	3.666666667	2	2.666666667	3.714285714	3.333333333	1	2	4	2	0	3	1	2	0
592	0	4.333333333	4	3.333333333	3	3.75	3	3.333333333	2.666666667	4.428571429	3.333333333	0	2	3	1	0	3	2	2	0
593	0	2.666666667	3.25	3	2	3.75	2.666666667	3	1.333333333	4.285714286	2	1	3	3	1	0	4	3	1	0
594	0	3.666666667	3.25	3.666666667	3	4	3.666666667	3.333333333	2.333333333	4.142857143	3	1	1	4	2	1	4	1	1	0
595	0	3	3.5	3.666666667	3	3	2.666666667	3.666666667	1	4.714285714	4	1	1	3	2	1	4	1	1	0
596	0	5	5	2.666666667	4	3.75	3	3.333333333	1	4.142857143	4	0	2	4	1	0	2	1	3	0
597	0	4	3.75	2.666666667	3.333333333	3.75	3.333333333	3.333333333	1.333333333	3.714285714	2.666666667	0	2	4	1	0	3	2	2	0
598	0	2.333333333	3.25	2	3	3.5	3	3.666666667	1	4.142857143	3	1	1	3	2	0	3	1	1	0
599	0	3.666666667	2.75	3	3.333333333	5	3.666666667	3	2	4.428571429	3.333333333	0	2	3	2	0	4	1	2	0
600	0	3.333333333	3.75	3	3.333333333	4	3.333333333	4	1.666666667	4.428571429	3.666666667	1	3	3	1	0	3	2	2	0
601	0	3.666666667	3.75	3.333333333	3.333333333	4	3.333333333	4.333333333	1.333333333	3.714285714	4.333333333	0	5	3	1	0	3	2	1	0
602	0	3	2.25	2.666666667	2.666666667	3.5	4	2.333333333	1.333333333	3.714285714	2.666666667	1	2	1	2	1	4	1	2	0
603	0	5	5	4.333333333	3.666666667	4.25	3	2.333333333	3.333333333	4.428571429	3.666666667	1	3	2	1	1	3	2	2	0
604	0	4	2.5	4.333333333	3.666666667	3.75	5	3.333333333	3	4	3.333333333	0	1	3	2	0	3	1	2	0
605	0	4.666666667	4.25	3.333333333	3.333333333	4	3.666666667	2.666666667	2.666666667	4	3	0	1	3	2	0	3	2	1	0
606	0	4.333333333	2.75	1.666666667	2.666666667	4.5	3.666666667	2.666666667	2.333333333	3.714285714	3.333333333	1	2	3	2	0	3	1	2	0
607	0	3	2.5	2.666666667	3	3.5	3.333333333	3.666666667	2	3.285714286	2.666666667	0	1	4	2	0	3	1	1	0
608	0	4.666666667	4.75	3.333333333	3.333333333	4.25	3.666666667	3.666666667	3.333333333	4.142857143	3.666666667	0	1	3	2	0	3	2	2	0
609	0	5	5	5	5	5	5	5	3	4.571428571	5	1	4	3	1	0	3	2	2	0
610	0	4.666666667	3.25	4	2.666666667	4.75	4.333333333	1.666666667	2	3.714285714	3	0	1	3	2	0	4	2	2	0
611	0	2.333333333	3.25	3	3.666666667	4.25	4	3.333333333	2	3.857142857	3	1	2	3	1	1	2	1	2	0
612	0	4	2.75	3.666666667	4	5	3.333333333	3.333333333	3.333333333	3.571428571	4.666666667	1	1	4	2	0	4	2	2	0
613	0	4	4.5	3.666666667	3.333333333	4.25	2.333333333	3	2	4.428571429	3	0	3	3	1	0	3	2	2	0
614	0	3.333333333	2.25	3.666666667	4	4.5	3.333333333	3.333333333	1.666666667	4	2.333333333	0	1	3	2	1	4	1	2	0
615	0	3.666666667	3.5	3	3.333333333	3.75	3	2.333333333	2.333333333	4	3.333333333	0	2	3	1	1	4	2	2	0
616	0	3	2.5	2	2.666666667	3.75	3	2.333333333	1	4.142857143	3	1	2	3	1	0	3	2	2	0
617	0	4.666666667	4.25	4	4	4.5	3.666666667	3.333333333	2.333333333	4.285714286	2.666666667	0	1	3	2	1	4	2	1	0
618	0	2.666666667	3	2	2.666666667	4	3.333333333	2.333333333	1	3.857142857	1.666666667	0	2	3	1	0	4	2	4	0
619	0	4.333333333	4	3.333333333	2	3.25	5	2.333333333	2.333333333	4.285714286	2	1	1	3	2	1	4	2	1	0
620	0	3.333333333	4.5	3	3	3	3.666666667	4.333333333	1.333333333	4.428571429	2.666666667	1	2	2	1	1	4	2	3	0
621	0	3.666666667	3	2.666666667	4	4.5	4	3	2	3.857142857	2.666666667	0	1	3	2	1	4	2	1	0
622	0	3.333333333	3.75	2.333333333	2.666666667	3.75	5	3.333333333	1	4.142857143	3.333333333	0	2	3	2	0	2	1	2	0
623	0	3	3.5	3	3	3	3	3	1	3.571428571	3	1	1	4	2	1	3	1	2	0
624	0	3.666666667	2.75	2.333333333	3	4.25	3.666666667	3.333333333	2.333333333	4.142857143	2.666666667	0	1	2	2	1	4	2	1	0
625	0	3	3.75	2.333333333	3	3.75	3	3.333333333	2	3.571428571	2.666666667	1	1	4	2	0	1	1	1	0
626	0	4.333333333	4	4	3.333333333	4.5	3.333333333	3.333333333	2.666666667	4.142857143	3.333333333	1	1	3	2	0	2	1	1	0
627	0	4	3.75	3	3.666666667	4.25	4.666666667	4.333333333	1	4.571428571	3	0	1	3	1	1	4	3	1	0
628	0	3	3.75	3	1	2.5	3	3.333333333	1	4.571428571	3.333333333	0	3	3	1	0	3	2	1	0
629	0	3.666666667	3.75	3	3.333333333	3.5	3.333333333	3.666666667	2	4.714285714	2.333333333	0	1	3	2	0	4	1	1	0
630	0	3.333333333	3.5	3.333333333	2.666666667	4.25	4	3	2.666666667	4.285714286	3.333333333	1	1	3	2	0	4	1	1	0
631	0	4	3	3.333333333	3.333333333	4	4.333333333	3.666666667	2.333333333	3.714285714	3.666666667	1	1	2	2	1	3	1	1	0
632	0	4	3.75	3.333333333	3.333333333	5	3	3	2	4.285714286	2.666666667	1	1	3	2	1	4	1	1	0
633	0	5	5	4.333333333	4.333333333	5	3	3	1	4.428571429	1	0	4	1	1	0	3	2	1	0
634	0	4.333333333	3.25	3	2.666666667	4	3.333333333	2.333333333	2.666666667	3.285714286	3.333333333	1	1	4	2	1	4	1	1	0
635	0	3.666666667	4.25	4	3.666666667	4.5	3.666666667	2.666666667	4	3.857142857	3.666666667	1	3	3	1	0	4	2	2	0
636	0	4	3.5	3.666666667	2.666666667	3.25	3	3	1.333333333	3.857142857	3	1	3	4	1	0	4	2	3	0
637	0	3.666666667	3	3.666666667	4.333333333	4	3.666666667	4.666666667	3.666666667	3.571428571	4	1	2	3	1	0	2	1	2	0
638	0	3.666666667	2.5	2.333333333	3	4.5	4	2.666666667	1.333333333	4	3	0	2	2	2	0	2	1	1	0
639	0	3.333333333	4	3	3	4.25	2.666666667	3	1	4.285714286	3	0	1	3	2	1	4	1	2	0
640	0	4.666666667	4.5	3.666666667	4.333333333	4.75	3	2.666666667	2.666666667	4.285714286	2.333333333	1	2	3	2	0	3	1	1	0
641	0	2.666666667	3.25	3	2.333333333	4	4.333333333	3.666666667	1.666666667	4.428571429	3	0	3	3	1	0	3	2	2	0
642	0	4.666666667	4.5	3.666666667	3	4.5	3	2.666666667	2.666666667	4	3.333333333	1	3	3	2	0	4	1	1	0
643	0	5	4.25	3	2.666666667	4	5	3	1	4.428571429	3	0	2	3	2	0	3	1	3	0
644	0	3.333333333	3.5	4	3.666666667	3.25	2.666666667	3.333333333	4	4	3	0	3	3	1	0	3	2	2	0
645	0	5	4.25	4.333333333	3	5	5	3	2	4.571428571	4.333333333	0	2	3	1	0	3	2	1	0
646	0	3.333333333	3.5	2.666666667	2.666666667	4.25	4.333333333	2.333333333	1.333333333	3.857142857	2.666666667	0	2	3	1	0	2	1	3	0
647	0	3.666666667	4	3.333333333	3.333333333	4.25	2	2.333333333	3	4	2.666666667	0	1	4	2	1	4	1	2	0
648	0	3.666666667	3.25	4.333333333	2.666666667	3.5	3.333333333	2.333333333	3.666666667	3.714285714	3	1	3	3	1	0	4	2	2	0
649	0	3.333333333	3	2.666666667	2	3.5	5	2.333333333	1.333333333	4.571428571	2.666666667	1	4	3	1	0	3	1	1	0
650	0	5	5	5	5	5	5	5	5	5	3	1	3	3	1	0	4	2	3	0
651	0	3.666666667	3.25	2.666666667	3.333333333	3.5	3.666666667	2.666666667	1.333333333	3.714285714	2.666666667	0	1	3	2	0	3	1	2	0
652	0	3.666666667	3.75	3.666666667	3.333333333	4.5	2.666666667	3.333333333	2	3.714285714	3.333333333	0	3	3	2	0	2	2	1	0
653	0	4	4	4	4	4	4	4	4	2.857142857	4	1	1	2	2	1	3	1	1	0
654	0	3.666666667	2.75	3.333333333	1.666666667	3	5	2.333333333	1.333333333	4.714285714	3	0	3	3	1	0	3	2	1	0
655	0	3	2.75	1.666666667	2.333333333	2.25	1.666666667	3.666666667	4	2.714285714	3.333333333	1	1	3	2	0	4	1	3	0
656	0	4	4	3.333333333	3.666666667	4	4	3	2.666666667	4.142857143	3.333333333	1	3	3	1	1	4	2	1	0
657	0	4	4.75	4	3.333333333	4.25	3.333333333	2.333333333	3.666666667	4.142857143	2.333333333	0	2	3	1	1	4	2	1	0
658	0	4.333333333	4.75	4.333333333	4.333333333	4.5	4.333333333	2.666666667	3.333333333	4.142857143	3.666666667	1	2	4	1	1	3	2	2	0
659	0	3.666666667	2.5	4.333333333	3.333333333	4.5	2.333333333	3.333333333	2.333333333	3.428571429	3	0	1	3	1	1	4	2	1	0
660	0	3.666666667	3.75	3.333333333	3	3.5	2.666666667	3	1.666666667	3.714285714	3	0	1	3	1	1	3	2	2	0
661	0	3.666666667	3.5	3.666666667	3	3.5	3	3.666666667	2	3.428571429	3.333333333	0	1	3	2	1	3	1	1	0
662	0	4.333333333	4.25	3.666666667	4	4.75	4.666666667	2.333333333	4	4.142857143	2	1	2	4	1	1	3	2	2	0
663	0	4	3.75	2	4.333333333	4	2.333333333	1.333333333	2.333333333	4.142857143	2.333333333	0	4	2	1	1	4	2	1	0
664	0	4	4.25	3.666666667	4	4.75	3.333333333	4	2.666666667	4	3	0	1	3	1	1	4	1	2	0
665	0	4.333333333	4.25	4.333333333	3.333333333	3.75	3.666666667	3.333333333	2.333333333	4.285714286	3	1	3	3	1	1	4	2	2	0
666	0	4.666666667	2	4.333333333	3	4	4	2	3.666666667	4.285714286	3	0	3	3	1	1	3	2	4	0
667	0	2.666666667	3.5	2.333333333	2.666666667	3.75	2.666666667	2.333333333	1.333333333	4.142857143	3.333333333	1	1	3	1	1	2	1	1	0
668	0	3	4.25	3	1.666666667	3.5	4.666666667	3	1	4.857142857	3	1	1	1	2	1	3	2	1	0
669	0	4.666666667	3.75	5	4.333333333	4.75	4.333333333	3.333333333	4.333333333	4.428571429	4.666666667	1	2	3	1	1	4	2	2	0
670	0	4	3.5	3.666666667	3	3.75	2.333333333	2	3	3.714285714	3	0	2	3	1	1	3	2	2	0
671	0	3	3.25	4.333333333	4.666666667	4.5	4	3.333333333	3.666666667	3.142857143	4.333333333	1	1	3	2	1	4	2	2	0
672	0	4	3.5	2.333333333	2.333333333	3.75	3.333333333	2.333333333	2	4.571428571	2	0	1	3	2	1	4	1	2	0
673	0	4	4	4	4.333333333	4.25	4.333333333	4	4	4.142857143	4	1	2	1	1	1	3	2	1	0
674	0	4.333333333	4.5	3.333333333	3.333333333	3.75	4	3.333333333	3.333333333	4.571428571	3.333333333	0	1	3	2	1	4	3	1	0
675	0	3.333333333	3.25	4.333333333	4	3.75	4.333333333	4	1	2.714285714	3.666666667	1	1	3	2	1	3	1	2	0
676	0	3.666666667	4	3.333333333	3	4.5	3.666666667	2.333333333	2.333333333	3.571428571	3.666666667	0	3	3	1	1	3	2	2	0
677	0	4.333333333	4.5	4	3.333333333	4	2.666666667	4	4	5	4.333333333	1	3	2	1	1	4	2	1	0
678	0	5	5	4.333333333	4.333333333	3.5	3	2.333333333	3.333333333	3.142857143	4.666666667	1	4	3	1	1	4	2	1	0
679	0	4.333333333	3.5	4	3.666666667	4.75	4.333333333	3	3.333333333	4.142857143	3	1	1	3	2	1	4	1	1	0
680	0	4	3.25	4.333333333	4.666666667	4.75	4.666666667	4	2.666666667	4.571428571	3	1	1	1	2	1	4	2	1	0
681	0	2.666666667	2.75	2	1.666666667	2.75	3.666666667	3.666666667	1.666666667	4	3	1	4	2	1	1	4	2	2	0
682	0	3	2.5	3	2.333333333	4	3	3.666666667	2.333333333	3.857142857	3	1	1	3	2	1	4	1	1	0
683	0	5	4.5	4.333333333	3.333333333	4.5	3	3.333333333	2	4.714285714	4	1	1	3	2	1	4	2	1	0
684	0	2.666666667	2.25	1.666666667	2.333333333	3.5	3.333333333	3.333333333	1.666666667	2.857142857	2.333333333	1	2	3	2	1	4	2	2	0
685	0	4.333333333	4	3.333333333	3	4	4	2.333333333	2.333333333	4.285714286	2.666666667	0	1	3	2	1	4	2	1	0
686	0	4	3	5	4	4.25	2	3.333333333	4.333333333	4.142857143	4	1	1	3	2	1	4	2	1	0
687	0	3	3.25	2.666666667	2.666666667	3	3.333333333	3.666666667	3	3.714285714	2.666666667	1	1	2	2	1	4	2	1	0
688	0	3.333333333	3.75	3	3.333333333	4	3.666666667	4	1.666666667	4	2.333333333	1	3	3	1	1	3	2	1	0
689	0	3.666666667	3.5	3.333333333	4.333333333	4.25	3	4	1.333333333	4.714285714	3.333333333	1	1	4	2	1	4	2	1	0
690	0	3.666666667	2.25	3	3.333333333	3	3	3	3.333333333	2.857142857	2.666666667	1	3	2	1	1	4	2	2	0
691	0	4.333333333	4.75	4	3.666666667	4	3	2	2.666666667	4.428571429	4	1	4	3	1	1	4	1	2	0
692	0	4	3.25	3.333333333	2.666666667	3.5	4.666666667	2	2	3.571428571	3.666666667	0	2	3	1	1	4	2	2	0
693	0	4.333333333	3.25	3	3.666666667	4.25	2.333333333	2.666666667	2	4.571428571	3.666666667	1	2	3	1	1	3	2	1	0
694	0	4	3.75	3.333333333	3	3.25	2	2.333333333	4	4	3	1	3	1	1	1	4	2	1	0
695	0	4.666666667	1.75	3	2	4.5	2.666666667	3	2	3.285714286	4	0	2	3	1	1	3	2	3	0
696	0	3	3.25	3	3	3	3	3	2.333333333	4.428571429	3	1	2	3	2	1	4	1	2	0
697	0	4.333333333	1.75	4	2.666666667	4	2.333333333	2.333333333	1.666666667	3.857142857	3	0	3	3	1	1	3	2	3	0
698	0	4.666666667	3.5	3.666666667	3.333333333	3.5	3	3	3.666666667	4.285714286	3	1	2	3	1	1	4	2	2	0
699	0	3	3.25	3	3.333333333	3.75	3	4	1	4.142857143	3	0	2	1	1	1	4	2	1	0
700	0	4.666666667	2.25	2.333333333	3.666666667	4.5	2.666666667	2.333333333	2.333333333	3.142857143	2.666666667	0	2	3	1	1	3	2	3	0
701	0	3.333333333	2.5	3	3	2.75	4	2.333333333	2.333333333	3.571428571	2.666666667	1	1	3	2	1	4	1	1	0
702	0	5	5	4.333333333	3.666666667	5	3.666666667	1	1	4.285714286	3.666666667	0	2	3	1	1	3	2	2	0
703	0	2.333333333	1.5	3	3	3.75	4.666666667	4	1	4.285714286	3	1	1	4	2	1	4	2	1	0
704	0	3.333333333	2.75	2.666666667	3	3.75	4	3.666666667	2	4.285714286	3	0	1	3	2	1	4	2	2	0
705	0	3	2.5	3.666666667	2.666666667	4	4	3.333333333	1.666666667	3.428571429	2.666666667	0	2	3	2	1	4	2	2	0
706	0	4.666666667	4	3.333333333	4	3.5	3	4	2.333333333	3.428571429	3.333333333	1	1	3	2	1	4	2	2	0
707	0	2.666666667	4.25	3.333333333	3.666666667	3.75	2.666666667	3.333333333	1.333333333	4	3.666666667	1	2	3	1	1	2	1	2	0
708	0	5	5	5	5	5	5	5	5	4.428571429	5	1	1	1	1	1	4	3	2	0
709	0	2.666666667	2	3.333333333	1.666666667	3.5	4	3	2	3.857142857	4	0	1	3	2	1	4	1	1	0
710	0	3.666666667	3.75	2.666666667	3.333333333	4	2.666666667	1.333333333	2	4	2.666666667	1	1	3	2	1	4	1	2	0
711	0	3.333333333	4	3	3.333333333	3.25	2.666666667	3	3	3.714285714	2.666666667	1	1	3	2	1	4	2	1	0
712	0	5	5	3	3	4	2.333333333	3.666666667	1	4.285714286	3	1	1	2	2	1	3	1	1	0
713	0	5	5	5	5	5	5	5	5	5	5	0	1	2	3	1	4	1	1	0
714	0	5	5	3.666666667	5	5	5	2.333333333	4.666666667	4.428571429	2.333333333	1	1	3	2	1	3	1	1	0
715	0	5	5	5	3.666666667	4.5	5	3	3.666666667	4.428571429	3	1	2	3	2	1	3	1	1	0
716	0	3	3.25	3.333333333	3	3.75	3	3.333333333	2	4.714285714	3	1	1	3	2	1	4	1	3	0
717	0	4.333333333	4.5	4.333333333	4.333333333	4.5	4.333333333	4.333333333	4.666666667	4.714285714	4.333333333	1	2	3	2	1	2	1	1	0
718	0	3	3.5	3	2.666666667	3	3	2.666666667	3	4	3.666666667	1	2	2	1	1	3	1	1	0
719	0	4.666666667	4.75	2.666666667	4.333333333	4.25	2	3	1.333333333	4.285714286	3	1	1	2	2	1	3	1	2	0
720	0	3	3	3.333333333	3	3	3	3	2.333333333	3.857142857	3	1	2	3	2	1	3	1	1	0
721	0	1	2.5	1.666666667	2.333333333	1.25	1.666666667	2.666666667	2.333333333	2.571428571	1.666666667	1	2	3	2	1	2	2	3	0
722	0	3.333333333	3.75	3	3	3	3	3	3	4.857142857	3	1	1	3	2	1	4	2	2	0
723	0	5	4.75	4	5	4.75	3	2.333333333	3	4.428571429	3.666666667	0	2	3	1	1	4	2	2	0
724	0	5	5	5	5	5	5	5	5	5	5	1	2	3	2	1	4	2	2	0
725	0	4.333333333	4.25	3	3.666666667	4	2.666666667	4.666666667	2.666666667	4.714285714	4.333333333	0	2	3	2	1	4	1	2	0
726	0	2.666666667	2.5	4	3.666666667	4	4	4	4	4	3.666666667	1	2	3	2	1	4	1	1	0
727	0	3.666666667	2.75	3	3.333333333	4.5	3.333333333	3.333333333	2.333333333	3.714285714	2.333333333	0	1	3	2	1	4	1	1	0
728	0	5	5	5	5	5	5	5	5	5	5	1	1	2	2	1	3	1	2	0
729	0	5	5	5	5	5	3	5	5	4.428571429	3	1	1	2	2	1	3	1	1	0
730	0	4	3.5	4.666666667	3.666666667	4.5	3	2.666666667	2	3.714285714	2.333333333	0	1	3	2	1	4	2	2	0
731	0	4	5	3	3	4.25	3	3	1	4.428571429	3	1	2	3	2	1	4	1	2	0
732	0	4.333333333	4.5	4.333333333	4.333333333	4.75	4.666666667	4.666666667	4.666666667	5	4	1	1	3	2	1	4	2	1	0
733	0	3	3.75	3	4	3	3.666666667	3	3.666666667	3.428571429	3.333333333	1	1	3	2	1	4	1	2	0
734	0	2	3.5	3	3	2.75	4	3	2.333333333	3.142857143	3.333333333	0	1	3	2	1	4	2	1	0
735	0	4.666666667	3.25	4.666666667	2.666666667	2	3.666666667	3.666666667	4	2.428571429	3.666666667	1	5	2	1	1	4	1	1	0
736	0	4.666666667	4.5	4.333333333	4.333333333	4	4.333333333	4.333333333	4.666666667	4.285714286	4.333333333	1	2	4	2	1	4	2	2	0
737	0	5	4	3	3	3.75	5	4	2	4.142857143	3.666666667	1	2	3	2	1	1	1	1	0
738	0	3.666666667	3.5	3.666666667	3.666666667	4.25	3.333333333	2.666666667	2.333333333	3.428571429	3	0	1	3	2	1	4	2	1	0
739	0	3.666666667	4.5	3.333333333	2.666666667	4.25	4	4	2.333333333	4.142857143	3	1	1	2	2	1	4	2	2	0
740	0	3.666666667	3.25	3.333333333	3	3	3.333333333	2.666666667	1.333333333	3.857142857	1.666666667	1	2	2	2	1	1	1	1	0
741	0	4	3.5	2.666666667	3	4.5	2.333333333	3	1.333333333	2.714285714	3.333333333	0	2	4	1	1	4	2	1	0
742	0	4.666666667	4.75	4	4.666666667	4.75	2.333333333	2	3.333333333	4	2.333333333	0	1	3	2	1	4	1	2	0
743	0	4	3	3	2.666666667	3.5	4	4	3	3.428571429	3.333333333	0	1	3	2	1	4	2	1	0
744	0	2.666666667	2.5	3	3	4	3.666666667	3.666666667	1.666666667	4.285714286	3.666666667	0	1	3	2	1	2	1	1	0
745	0	3.333333333	4.25	3.666666667	3	3.75	3	3.666666667	2.333333333	4.285714286	4.333333333	0	1	3	2	1	4	2	2	0
746	0	3.666666667	3.75	2.333333333	2	4	3	3	1.666666667	3.857142857	3.333333333	0	1	2	2	1	2	2	2	0
747	0	2.666666667	3	2.333333333	2.666666667	3.75	3.333333333	3.333333333	1	3.285714286	3.666666667	1	1	4	3	1	4	1	2	0
748	0	4.666666667	3.25	2.333333333	3.666666667	4.25	4.333333333	1.333333333	2	3.714285714	4	0	2	3	1	1	4	2	2	0
749	0	3	3	2.666666667	3.333333333	4.25	4.333333333	3.666666667	2.333333333	4.142857143	2.666666667	1	1	1	2	1	4	1	1	0
750	0	4.333333333	4.5	3.666666667	4.333333333	4.75	4.666666667	4.666666667	4	4.428571429	3.666666667	1	2	3	1	1	4	2	1	0
751	0	2.666666667	2.5	5	3	2.75	3	3.333333333	1.666666667	3.285714286	2.666666667	1	1	3	2	1	3	1	1	0
752	0	2.666666667	1	4	3.666666667	3.75	4.333333333	3	3	4.428571429	3	1	1	2	2	1	4	2	1	0
753	0	4.333333333	4	3.333333333	3.666666667	3.75	4	3.333333333	3	4	3.666666667	1	1	4	2	1	3	2	1	0
754	0	4.333333333	3.75	4.333333333	3.333333333	4.5	3.333333333	3	1.666666667	3.714285714	3.333333333	0	1	4	2	1	3	1	1	0
755	0	4	3.25	4	2.666666667	4.75	4	3.666666667	2	4.285714286	4	1	2	3	2	1	4	1	1	0
756	0	4	3	2	3.333333333	3.5	4	2.333333333	1.666666667	3.428571429	3.333333333	1	1	3	2	1	4	1	1	0
757	0	2.666666667	2	2.333333333	4	2.75	4	3	3.333333333	3.428571429	4	1	1	4	2	1	2	1	2	0
758	0	4	4.75	3	3	3	3	3.333333333	1	4.714285714	3	0	2	3	1	1	4	3	2	0
759	0	3.666666667	4	4.333333333	4.666666667	4	4.333333333	3.333333333	3.333333333	3.571428571	2	1	2	2	1	1	4	2	1	0
760	0	3	3.5	3.666666667	2.666666667	4	4.666666667	2	2	4.285714286	3	1	3	3	1	1	4	2	1	0
761	0	4	4	3.666666667	4.333333333	4	3.666666667	4	4	4	4	1	2	1	1	1	3	2	2	0
762	0	3	3	2.666666667	3	3.25	3.666666667	3	1	4.428571429	4	1	3	1	1	1	4	2	1	0
763	0	3	2.25	4	2.666666667	4.75	3.333333333	2.666666667	2.666666667	4.428571429	3.333333333	0	1	3	2	1	4	2	1	0
764	0	4	4.75	3.666666667	3.666666667	4.25	3	2	1.666666667	3.571428571	2.333333333	1	2	2	1	1	4	2	1	0
765	0	4	3.25	4.333333333	4.333333333	3.5	3.333333333	4.666666667	4	3.714285714	4.333333333	1	2	2	1	1	4	1	1	0
766	0	3.333333333	3.75	3.333333333	2.333333333	3.75	5	4.333333333	1.333333333	4.285714286	3	0	2	3	1	1	4	1	1	0
767	0	3.666666667	4.25	3.333333333	3.333333333	4	4	4	1.333333333	4	4.666666667	0	2	3	2	1	4	2	2	0
768	0	5	4.25	4.333333333	4.333333333	4	3	3.666666667	4.333333333	3.857142857	3	1	2	3	1	1	4	1	1	0
769	0	5	4	2	3	4.5	3	3	1	4.285714286	5	1	2	2	1	1	4	2	1	0
770	0	4.666666667	3.75	3.666666667	3	3.25	3	3.333333333	1.666666667	4.428571429	3.666666667	1	2	1	2	1	3	1	1	0
771	0	4.666666667	4.25	4	4	4.25	3	3	3	4.428571429	3.666666667	1	3	2	1	1	4	2	1	0
772	0	4.666666667	3.5	4	3.333333333	4.25	3	4	2	3.857142857	4	0	2	4	1	1	4	1	4	0
773	0	4.333333333	3	2.666666667	3	4.25	5	3.333333333	1	3	2	1	2	3	2	1	3	1	1	0
774	0	5	5	4.333333333	3.666666667	4.5	4.333333333	4	3.333333333	4.714285714	3	0	2	2	1	1	4	2	2	0
775	0	5	5	4.333333333	5	5	3.666666667	2	3.333333333	4.428571429	4	1	3	2	1	1	4	3	2	0
776	0	3	3.25	3.333333333	3	3.75	3	3.333333333	1.333333333	4	3.333333333	0	1	3	2	1	4	2	1	0
777	0	2.666666667	2.5	2.666666667	1.666666667	3.25	4.333333333	4	1	4.142857143	2.333333333	1	2	1	1	1	3	2	1	0
778	0	4	2.5	2.333333333	3.333333333	4.25	2.333333333	2	3	3.857142857	3	1	2	3	1	1	3	2	1	0
779	0	4	3.25	3.666666667	3	4.25	4.333333333	2.666666667	2.333333333	4.285714286	3	1	3	3	1	1	3	2	2	0
780	0	3.666666667	3	2.666666667	2.666666667	3.25	4.666666667	4.666666667	2	4.571428571	2.333333333	1	1	3	2	1	4	1	1	0
781	0	3	3	3	3	3	3	3	3	3	3	0	4	3	1	1	3	2	2	0
782	0	4	4	4	4	4	4	3.666666667	3.666666667	3.571428571	3.666666667	0	1	3	1	1	3	2	1	0
783	0	4	4.25	2.333333333	3	3.5	3.666666667	3.666666667	1	4.142857143	3	1	2	3	1	1	3	1	2	0
784	0	3.333333333	3.5	2.666666667	2.666666667	4	4	3.666666667	1.333333333	4.428571429	2.666666667	1	2	3	1	1	4	2	2	0
785	0	3.666666667	2	3.666666667	3	4	3	2	2	4.285714286	3	1	2	3	1	1	4	2	1	0
786	0	4	3.5	3.666666667	4	4.5	5	3.333333333	4.333333333	3.571428571	2.666666667	1	1	3	2	1	2	1	1	0
787	0	3.333333333	4	2.666666667	3.333333333	4.75	3	3.666666667	1.666666667	4	2.666666667	0	1	3	2	1	4	1	2	0
788	0	3.666666667	3.5	4	3	3.5	3.333333333	2	3.666666667	4	3.666666667	1	1	3	2	1	3	1	1	0
789	0	2.666666667	3.75	2	2.666666667	4.25	4.333333333	3	1.333333333	3.714285714	2.333333333	0	2	3	1	1	4	2	1	0
790	0	3.333333333	4	4	3	3.75	3	3	3	4.142857143	3.333333333	1	1	3	2	1	3	1	1	0
791	0	2	4	3	2.333333333	2	4.666666667	4	3	2.857142857	4.333333333	0	2	3	1	1	3	2	2	0
792	0	3.666666667	2.5	2	3.333333333	4.25	3.666666667	2.666666667	2.666666667	3.571428571	3.333333333	0	1	4	2	1	4	1	2	0
793	0	4	4.5	4.333333333	4	4	4	4	3.666666667	3.857142857	3.666666667	1	2	3	2	1	4	1	2	0
794	0	3.666666667	4.75	3.666666667	4.666666667	4.5	4.333333333	4	3.333333333	4.428571429	4.666666667	1	3	1	2	1	2	1	1	0
795	0	3.333333333	3.25	3	3	3	3	3	3	3.857142857	3	1	2	3	1	1	4	2	2	0
796	0	5	5	5	3	4.75	3	1	3	4.285714286	2	0	4	3	1	1	3	1	2	0
797	0	5	3.75	3.333333333	4	3.75	3.333333333	3.333333333	3.333333333	4.285714286	3.666666667	1	1	3	2	1	4	1	1	0
798	0	4	4	4	5	4.75	4.333333333	4.666666667	4.666666667	4.571428571	4.333333333	0	2	1	1	1	4	2	2	0
799	0	3	3.25	2.333333333	3.333333333	3.5	4	3.333333333	2	4.142857143	2.666666667	0	2	3	2	1	3	1	2	0
800	0	4.666666667	3.75	3.666666667	4	4	4	2	2	4.428571429	4	0	4	2	1	1	3	1	2	0
801	0	4.666666667	4.5	4.666666667	4.666666667	4.75	4.666666667	5	4.666666667	4.571428571	4.666666667	1	2	2	1	1	4	2	1	0
802	0	3.333333333	2.75	2.666666667	1.666666667	4.5	3.666666667	1	3.666666667	4.714285714	1.333333333	1	2	3	2	1	3	1	1	0
803	0	4.333333333	5	4	3	3	3	3	1.666666667	5	3	1	4	3	1	1	3	2	2	0
804	0	4.333333333	4	4	3	4.25	4.666666667	3.333333333	1.666666667	3.714285714	3.333333333	1	2	3	2	1	4	2	2	0
805	0	4.666666667	4.5	3.666666667	4.333333333	4.75	4.333333333	3	3.666666667	4.428571429	3.333333333	0	4	3	1	1	3	1	2	0
806	0	5	4.5	4.333333333	4	4.5	4.666666667	5	4.666666667	4.571428571	5	1	3	3	1	1	3	2	2	0
807	0	3.666666667	4.25	3	3.333333333	3	3	2.333333333	2.666666667	3.714285714	3	1	3	1	1	1	4	3	1	0
808	0	3.666666667	4	2.666666667	2.333333333	3.5	4.666666667	3.333333333	1	4.428571429	2.333333333	0	1	3	2	1	4	2	2	0
809	0	3.666666667	4	3	2.666666667	4.25	2.666666667	2	1.333333333	4	2.666666667	0	1	4	2	1	2	1	2	0
810	0	4	3	4.666666667	4	4.5	4	4.666666667	2.333333333	3.428571429	4	1	1	3	1	1	3	2	2	0
811	0	4	2.5	2.666666667	1.666666667	3	5	3.333333333	1.333333333	3.428571429	3.666666667	1	1	3	2	1	4	2	1	0
812	0	3	3.75	3	3.333333333	3	3	2.666666667	3	4.428571429	3	0	1	3	2	1	4	2	1	0
813	0	3.666666667	4	2.666666667	2.666666667	4	4.666666667	3.333333333	1.333333333	3.857142857	3.666666667	0	2	3	1	1	4	2	1	0
814	0	3.333333333	3	4	3	4.25	3.333333333	2.333333333	3.333333333	4	3.333333333	1	2	4	2	1	1	1	2	0
815	0	4	4	3	3	3	3	3.333333333	2	4.285714286	2.666666667	0	3	4	1	1	3	2	2	0
816	0	4.666666667	3.5	3.333333333	2.666666667	4	4	2.666666667	1.333333333	4	2.333333333	1	2	4	1	1	3	2	1	0
817	0	3	3.5	3.666666667	2.666666667	3.25	3	3.333333333	2.333333333	3.857142857	3.333333333	0	4	4	1	1	3	1	3	0
818	0	3.333333333	3.5	3.333333333	3.333333333	3.75	4	3	2	3.857142857	3.666666667	0	2	1	2	1	4	2	1	0
819	0	4.666666667	4.25	4	3.666666667	4.5	3.333333333	2.333333333	3.666666667	4.142857143	2.666666667	1	2	3	1	1	3	2	2	0
820	0	4	4.25	3.666666667	3.666666667	4	3.666666667	4.333333333	3.666666667	3.428571429	4	1	1	3	2	1	4	2	2	0
821	0	2.666666667	4	3.333333333	2	3	4.333333333	3	1.666666667	3.571428571	3	0	2	3	1	1	3	2	2	0
822	0	4	2.25	3.666666667	3	3.5	5	3	4	3.285714286	2.333333333	1	2	3	2	1	4	2	2	0
823	0	4	2.75	4	2.666666667	4.25	2	2.333333333	2	4	2	1	2	3	1	1	4	2	2	0
824	0	3	2.5	3.666666667	2.333333333	4	2.666666667	3	1.666666667	3.142857143	2.333333333	1	1	3	2	1	4	2	3	0
825	0	4	5	4.333333333	3.666666667	3.75	5	3	1.666666667	4.142857143	4.333333333	1	1	3	2	1	1	1	2	0
826	0	3.333333333	4	2.333333333	2	3.75	2.666666667	3	1.333333333	4.142857143	3	1	1	1	2	1	3	2	1	0
827	0	4.333333333	4.5	3.666666667	4	4.5	4.666666667	3.666666667	3	4.428571429	3.666666667	0	2	3	1	1	3	2	1	0
828	0	3.666666667	4.5	3.333333333	3	4.5	4	3.333333333	3	4.428571429	3	0	1	3	2	1	2	1	1	0
829	0	4.333333333	4.75	4	4	4.25	4.666666667	3	3.333333333	4	4.333333333	1	2	3	1	1	4	2	2	0
830	0	2.666666667	3.75	4	1.333333333	3.5	4.666666667	3	1.333333333	3.857142857	1.666666667	0	2	3	1	1	4	2	2	0
831	0	3.666666667	3.5	3.333333333	3.666666667	3.75	3.666666667	4	2	4	3.666666667	0	2	3	2	1	3	1	2	0
832	0	4	2.75	2.666666667	3	4.25	4.666666667	3.666666667	1.333333333	3.571428571	3.333333333	0	1	3	2	1	4	1	1	0
833	0	3.333333333	4.25	3.666666667	3.333333333	3.75	3.333333333	3.333333333	3.666666667	4	3	1	3	2	1	1	4	2	2	0
834	0	4.333333333	5	3	3.666666667	4.25	4.333333333	3	1.333333333	4.142857143	3	1	2	4	2	1	3	1	2	0
835	0	3.333333333	4	2.666666667	3.666666667	3.25	3.666666667	3.333333333	3.333333333	3.714285714	2.666666667	1	1	3	2	1	4	1	1	0
836	0	4.333333333	4	3.666666667	3	3.75	3	3	2	4.142857143	3.333333333	1	2	4	2	1	3	1	2	0
837	0	3.333333333	3	4.333333333	2	3.25	3.666666667	2.666666667	2	3.571428571	3	1	3	3	1	1	3	2	2	0
838	0	4	3.5	3.666666667	2.666666667	4.5	3	2.666666667	2.333333333	4.142857143	2.666666667	0	2	3	1	1	4	2	2	0
839	0	3	3	3.666666667	3.666666667	4	4	3	2.666666667	3.428571429	3	1	2	3	2	1	3	1	1	0
840	0	4.333333333	4.25	3.666666667	3.666666667	4	3.333333333	3.666666667	3	4.428571429	4.333333333	1	2	3	1	1	3	2	1	0
841	0	3.333333333	3	2.333333333	2	4	3	2.666666667	1.666666667	3.571428571	2.666666667	0	2	3	2	1	3	1	2	0
842	0	4.333333333	4.25	4.333333333	4	4	4	4.333333333	4.666666667	4	4	0	2	3	2	1	3	2	2	0
843	0	4	3.5	3.333333333	3.333333333	4	3	3	2.333333333	4	3	1	2	3	1	1	3	2	2	0
844	0	3	3.5	3	3	4.5	4	3.333333333	1.666666667	4.142857143	4	1	2	3	1	1	4	2	2	0
845	0	4	3.75	4	3.666666667	4.5	4	3.666666667	3.333333333	4.142857143	3.666666667	0	2	4	2	1	3	1	3	0
846	0	4.333333333	4.25	4.333333333	3.333333333	4.25	4.333333333	2	4.333333333	4.285714286	2.666666667	0	2	3	1	1	2	1	2	0
847	0	3	3	4.333333333	3	4.5	3	3	1	4.714285714	3	1	3	3	1	1	3	2	2	0
848	0	3.333333333	4	4	3.333333333	4	3	4	2	4.428571429	3	1	2	3	2	1	3	1	1	0
849	0	3	3	3	3	3	3	3	3	4.142857143	3	1	2	2	1	1	3	2	4	0
850	0	2.333333333	3.75	2.666666667	2.666666667	3.75	5	4	1.333333333	4.142857143	3.333333333	0	2	4	2	1	3	1	1	0
851	0	5	5	3.333333333	1.666666667	4	3.333333333	3	1	3.142857143	2.333333333	1	2	2	2	1	4	1	2	0
852	0	3.333333333	4.25	3	3	3.75	3	2.666666667	2.333333333	4	3	0	2	3	1	1	3	2	1	0
853	0	4.333333333	4	4	3.333333333	4	4	2.333333333	3	4	3	1	2	2	2	1	4	1	1	0
854	0	2	2.75	3.333333333	2.666666667	3.5	3	3.333333333	2.333333333	3	3.666666667	1	3	3	1	1	3	2	2	0
855	0	4.333333333	4	3	3.333333333	4.5	2.666666667	3.666666667	2	3.571428571	3.333333333	1	2	3	1	1	4	2	1	0
856	0	3.333333333	3.75	3.666666667	3.666666667	4	2.333333333	2.666666667	2.333333333	3.857142857	3	0	1	3	2	1	4	2	2	0
857	0	2.333333333	1.75	2	1.666666667	2	4.333333333	4.333333333	2.333333333	2.714285714	3	1	1	3	2	1	3	1	2	0
858	0	4.666666667	3.25	4.333333333	3.666666667	4.25	4.666666667	1.666666667	1.666666667	3.714285714	3.666666667	1	2	3	1	1	4	2	1	0
859	0	2.666666667	2.75	3.333333333	3	3	3.333333333	4	2.666666667	4.714285714	3.666666667	1	2	3	1	1	4	2	2	0
860	0	4	3.75	2.666666667	4.333333333	4.5	4	1.333333333	2.666666667	4	3	1	2	3	2	1	2	1	1	0
861	0	3.333333333	3.25	3.333333333	3	3.75	3.666666667	3	3	3.428571429	3	1	2	3	1	1	4	1	1	0
862	0	4	4	4	4	4	4	4	4	4	4	1	4	2	2	1	4	2	2	0
863	0	4.333333333	3.5	4.333333333	4.333333333	4.25	3	3.333333333	3.333333333	4.142857143	3	1	2	3	2	1	4	1	2	0
864	0	4.333333333	3.5	2.333333333	2	4.5	3.333333333	3	1.333333333	3.428571429	3.666666667	1	2	3	2	1	4	1	1	0
865	0	4.333333333	4	4	4.333333333	4.5	4.333333333	4	4	4.857142857	4.333333333	1	2	3	2	1	4	1	1	0
866	0	3.333333333	2.5	3	3.666666667	3	3.333333333	3	3.666666667	3.428571429	3	1	3	2	2	1	1	2	2	0
867	0	3.666666667	3.5	3	1.666666667	4	5	1	1.333333333	2.571428571	2.666666667	1	2	3	1	1	4	1	1	0
868	0	4	3.25	3.666666667	2.333333333	4.5	3	3	3.666666667	4.428571429	3	1	1	3	2	1	4	1	2	0
869	0	2	3	2.333333333	2	3.75	3	3.666666667	1.333333333	3.428571429	3	1	2	3	2	1	4	1	1	0
870	0	5	5	5	5	5	5	5	5	4.142857143	5	1	1	4	2	1	4	2	2	0
871	0	3.333333333	3.75	4.333333333	4	4	4.333333333	4.333333333	4.666666667	4.428571429	4.333333333	1	2	3	2	1	4	1	2	0
872	0	5	4.75	4.666666667	5	5	5	5	1	4.714285714	4.666666667	1	2	3	1	1	3	2	1	0
873	0	4.333333333	4.25	4.333333333	3.666666667	4.25	4	4	3	4.428571429	3.666666667	0	1	3	1	1	4	1	1	0
874	0	2.333333333	3	2.666666667	2.666666667	2.5	4.666666667	3.666666667	1	4.428571429	3.333333333	1	2	3	1	1	3	2	3	0
875	0	4	2	4.333333333	2	2.75	4	4	2	3.285714286	3	0	2	2	1	1	3	2	1	0
876	0	2.666666667	3.25	3	3.666666667	4	3.333333333	3	1	3.285714286	3	1	2	3	1	1	4	2	1	0
877	0	5	5	4.333333333	3.666666667	4.5	4.333333333	4.333333333	1	5	2.333333333	1	2	1	2	1	1	1	1	0
878	0	4.666666667	4.75	4.666666667	3	3.75	2.333333333	2	2.333333333	3.142857143	3	1	2	3	2	1	2	1	3	0
879	0	5	5	2.333333333	5	5	5	5	1	4.428571429	5	1	1	3	1	1	4	2	1	0
880	0	4	2.5	2.666666667	3.666666667	3	2.333333333	4.666666667	3	3.285714286	3	1	2	3	1	1	3	2	2	0
881	0	3.666666667	3.25	3	2.666666667	3.75	4	3	2	4.142857143	3	1	2	3	3	1	3	1	2	0
882	0	3	3.5	5	2.666666667	3.75	3	3	1.666666667	4	4	1	2	3	2	1	2	1	2	0
883	0	3.666666667	2.25	1.666666667	2.666666667	4	5	3.333333333	1	3.857142857	3	1	2	3	1	1	3	2	2	0
884	0	4.333333333	5	5	5	5	5	5	5	3.571428571	5	1	2	1	1	1	4	2	2	0
885	0	3.666666667	3.25	3.666666667	2.333333333	3	3.666666667	1.666666667	2.333333333	3.714285714	2.666666667	0	4	3	1	1	3	1	2	0
886	0	4.666666667	4	3.666666667	3.333333333	4	4.333333333	3	3.333333333	4	4.333333333	1	2	3	2	1	3	1	2	0
887	0	1.666666667	2	1	1.666666667	3.25	5	4.666666667	1.666666667	2.714285714	1.333333333	1	2	2	2	1	3	1	1	0
888	0	4.666666667	4	4.666666667	4	4.75	2.666666667	2.333333333	2.666666667	4.142857143	3	1	2	3	1	1	4	2	2	0
889	0	3.666666667	4.5	3.666666667	2.666666667	4.25	2.333333333	2.666666667	3.333333333	3.714285714	3.333333333	1	3	3	1	1	4	2	2	0
890	0	2.666666667	1.5	3	2.666666667	3.25	3.333333333	3	1.333333333	3.285714286	3.333333333	1	3	2	1	1	3	1	1	0
891	0	3	3	3	3	3	3	3	3	3.714285714	3	1	1	2	1	1	4	2	1	0
892	0	3.666666667	2.75	4	4	4.25	2	2.666666667	3	3.571428571	2.666666667	0	3	3	2	1	2	2	1	0
893	0	3.666666667	3	2.333333333	3	3.75	3	3	2	4	3	1	1	3	2	1	2	1	2	0
894	0	3	3.75	3	3	3	3	3	2.333333333	3.571428571	3	1	1	3	2	1	4	2	2	0
895	0	4	3.25	3.333333333	2.666666667	3.5	2.666666667	2	2	4.142857143	2.666666667	1	1	3	2	1	4	2	2	0
896	0	3	2.75	2.666666667	2.666666667	4	3	3.333333333	1	3.714285714	3	1	2	3	2	1	2	1	2	0
897	0	3	3	3	3	3	3	3	1.666666667	4	3	1	2	3	1	1	2	1	2	0
898	0	3.666666667	3	1.666666667	2.666666667	4.25	4	3.333333333	2	4.142857143	3.333333333	0	3	3	1	1	4	2	2	0
899	0	4.333333333	3.5	3.666666667	4	4.75	3.666666667	2	2	4.285714286	3.333333333	0	1	3	2	1	4	2	1	0
900	0	1	1	1	1	1	1	3.666666667	3.666666667	1.571428571	3.666666667	1	2	4	2	1	1	1	4	0
901	0	3	3.25	3	3	3	3	3	3	4.428571429	3	0	2	3	1	1	4	2	1	0
902	0	4	3.5	4	3.666666667	4	4	4	4	3.714285714	4.333333333	1	3	3	1	1	3	2	2	0
903	0	4.333333333	3.5	3.666666667	3	4.25	3	2.333333333	3	4.142857143	3.333333333	0	2	3	1	1	2	1	2	0
904	0	4.333333333	4.25	4.333333333	3.666666667	4.25	4	3	4.333333333	4	2.666666667	0	3	4	1	1	4	2	2	0
905	0	3	1.5	3	3	3	3	3	1.666666667	4.285714286	3	1	2	3	2	1	3	1	2	0
906	0	4.666666667	4.25	4	3.666666667	4	3.333333333	1.666666667	4.333333333	4.142857143	3.333333333	1	2	3	1	1	3	2	2	0
907	0	3.333333333	2.5	2.666666667	3.333333333	3.5	3	2	1	3.714285714	3	1	3	3	1	1	4	2	2	0
908	0	4.333333333	3.5	3.333333333	3	3.5	3.333333333	3.333333333	2.333333333	4.714285714	2.666666667	1	2	3	2	1	3	1	2	0
909	0	4	4	4	4	4	4	4	4	3.142857143	4	1	2	1	3	1	4	2	1	0
910	0	5	4.5	3.666666667	3	4	3	3	2.333333333	4.285714286	5	1	1	3	2	1	4	2	2	0
911	0	2.666666667	2.5	3	3	3.25	3.666666667	3	1.666666667	4.428571429	3.333333333	1	2	3	2	1	3	1	1	0
912	0	3.666666667	3.25	3.666666667	3.666666667	4.75	1.666666667	1.666666667	1.333333333	3.857142857	2.666666667	0	1	3	2	1	3	1	2	0
913	0	4.333333333	4.5	4.333333333	3.666666667	4.5	3.333333333	1.666666667	3.333333333	4.142857143	3.333333333	0	2	3	1	1	3	2	2	0
914	0	4.333333333	3.25	3	3.666666667	3	4	3.666666667	3.666666667	4.142857143	4.333333333	1	2	3	2	1	3	1	2	0
915	0	3.666666667	5	4.666666667	4.333333333	4.5	4.333333333	4.666666667	4.333333333	5	4	1	2	2	1	1	4	2	4	0
916	0	4.333333333	4.5	2.666666667	4.666666667	4.5	2.666666667	3.333333333	1.333333333	3.714285714	3.666666667	0	2	3	1	1	4	2	2	0
917	0	3	3	3	2.666666667	3.75	2.333333333	3.666666667	2.333333333	3.142857143	2.666666667	0	1	3	2	1	3	1	1	0
918	0	4	3.5	3.333333333	3	3.25	3	3	1	4.714285714	3	1	2	3	2	1	4	2	2	0
919	0	3	3.5	4.333333333	3.666666667	4.5	2	2.333333333	3.666666667	4	3.666666667	1	2	3	2	1	2	1	3	0
920	0	3.666666667	3.5	2.666666667	3	3.75	3	3.666666667	2.333333333	4.571428571	3	0	2	3	1	1	3	2	2	0
921	0	3.666666667	3	3.666666667	3	4.5	5	3	1.333333333	4.428571429	3	0	3	4	1	1	4	2	2	0
922	0	3	3	3	3	3	3	3	3	4.142857143	3	1	2	3	2	1	4	1	2	0
923	0	2.333333333	2	4.666666667	2.666666667	2.5	3.666666667	2.666666667	1.666666667	2.857142857	3	1	2	3	1	1	2	1	2	0
924	0	3	3.5	2	3	2.25	4	2	2.666666667	3	2.333333333	0	3	1	1	1	4	2	2	0
925	0	3.333333333	3.75	4	3	3.75	4	4	1.666666667	3.857142857	3.666666667	0	4	3	1	1	3	2	2	0
926	0	4	2.5	3	3.333333333	4.25	2.333333333	3.333333333	2	4	3	0	1	1	2	1	4	2	2	0
927	0	3	2.25	3	3	3	3	3	3	3.714285714	3	1	1	3	2	1	4	1	1	0
928	0	4.333333333	4.5	4.333333333	4.333333333	4.5	4.333333333	4.666666667	4.666666667	4.285714286	4.333333333	1	2	3	1	1	4	2	2	0
929	0	3	3	3	3	3.75	3	3	3	3.571428571	3	0	4	3	1	1	2	2	2	0
930	0	5	5	5	3.333333333	3.75	5	2	2	4.285714286	3	0	3	3	1	1	4	2	1	0
931	0	3.333333333	4.25	3.333333333	2.333333333	3.25	5	4	2.333333333	3.714285714	3.333333333	0	1	2	1	1	4	2	1	0
932	0	3.666666667	3.5	3.666666667	3.666666667	3.5	4.333333333	3.333333333	3.666666667	3.571428571	3.666666667	1	1	3	2	1	3	1	2	0
933	0	3.333333333	3.5	4	3.666666667	3.5	3.666666667	3	3.333333333	2.857142857	3	1	2	1	2	1	2	1	1	0
934	0	3.333333333	3.25	2.666666667	2.333333333	3.75	5	2.666666667	2	3.857142857	2.666666667	0	2	3	1	1	3	2	2	0
935	0	4.666666667	1.25	3.333333333	3.333333333	4.5	3.666666667	2.333333333	1.333333333	4.428571429	3	1	4	3	3	1	4	2	2	0
936	0	4.333333333	4.25	4	3.333333333	3.25	2.333333333	3.333333333	2.666666667	4.285714286	3.333333333	0	2	3	1	1	4	2	2	0
937	0	3.333333333	3	3.333333333	3	3.25	3	4.333333333	3	4	3.333333333	1	2	3	2	1	4	1	2	0
938	0	4.333333333	4	3.333333333	3.666666667	4.5	1.666666667	2.333333333	3.333333333	4.428571429	2.666666667	1	3	3	3	1	3	2	1	0
939	0	3.666666667	3.75	3	3	4	4.333333333	3.666666667	2	4	2.333333333	0	2	3	1	1	4	2	1	0
940	0	5	4.25	3.333333333	3.333333333	4.5	3.333333333	2	1.333333333	4.285714286	3.333333333	0	4	3	1	1	2	1	2	0
941	0	3.333333333	3.25	2.666666667	3.333333333	3.75	4	3	2.333333333	3.714285714	3	0	1	3	2	1	4	2	2	0
942	0	4.333333333	3	3	3.333333333	4	3.666666667	2.333333333	2.666666667	4.428571429	3	1	2	3	1	1	4	2	2	0
943	0	3	3.5	3	3	4	3	3	1.666666667	4.285714286	3	1	1	1	1	1	2	1	2	0
944	0	3.666666667	3.75	3	3.666666667	4.5	4	3	2.333333333	4.142857143	3	0	1	4	2	1	4	1	2	0
945	0	3	3	1	3	3	3	3	1.666666667	4.714285714	3	1	3	3	1	1	4	2	2	0
946	0	4.333333333	3.5	3.666666667	3.666666667	4.25	4	4	3	3.285714286	3.333333333	1	1	3	1	1	1	1	2	0
947	0	4.333333333	5	4.333333333	3.666666667	4.75	5	3	2.333333333	4.142857143	3	0	2	4	2	1	4	1	1	0
948	0	3	3	3	2.333333333	3	3.333333333	3	2.666666667	3	2.666666667	0	3	1	1	1	4	2	1	0
949	0	3	3.25	2	2.333333333	3.75	4.666666667	3	1.666666667	4	3	0	2	3	1	1	3	2	2	0
950	0	4.666666667	4.25	3.666666667	3	4	3.666666667	3.333333333	3	4.428571429	3.666666667	1	4	3	1	1	4	2	2	0
951	0	3.666666667	4.25	4	3.333333333	4.5	5	3	3	4	3	1	1	3	2	1	3	1	1	0
952	0	2.666666667	2.5	2.666666667	2.333333333	4.25	3.333333333	2.666666667	1.333333333	3.857142857	3	0	2	3	1	1	3	2	2	0
953	0	5	4.25	5	4.333333333	4.5	3.333333333	2.333333333	3	4	4.333333333	1	4	4	1	1	3	2	4	0
954	0	3.333333333	3	3.333333333	3	3	3	3	1	4.428571429	3.333333333	1	2	3	2	1	1	1	2	0
955	0	5	4.75	3.666666667	3.333333333	4.5	3	3.333333333	1	4.714285714	3	1	1	3	2	1	3	1	2	0
956	0	3	4	2.333333333	2	3.75	3	4	1.666666667	4	3.333333333	1	1	2	2	1	4	2	1	0
957	0	3.333333333	3.75	1.666666667	2.666666667	3.75	4.333333333	3.666666667	1	4.142857143	3	0	2	3	2	1	4	1	2	0
958	0	2.666666667	3	3.333333333	3	3.75	4.666666667	3	2.333333333	3.571428571	3.666666667	0	1	3	2	1	4	1	1	0
959	0	3.666666667	3.25	3	3	3.5	5	3.666666667	3.333333333	4.571428571	3.666666667	0	4	3	1	1	4	1	1	0
960	0	3.333333333	3.25	4	3	3.75	3.333333333	3.333333333	3	4.428571429	3	1	2	3	1	1	3	2	2	0
961	0	3.333333333	3	2.666666667	3	3	3	3	2.333333333	4.285714286	3.333333333	1	2	3	2	1	3	1	2	0
962	0	4	3.25	4.333333333	4.333333333	4.25	4.666666667	4.666666667	3.333333333	3.857142857	4.333333333	1	2	3	1	1	3	2	2	0
963	0	3	2.75	3	1	2.75	2	3	3	4.571428571	1	1	2	2	1	1	4	2	2	0
964	0	5	5	5	4.333333333	4	3	4	4.333333333	4.428571429	3	0	2	3	1	1	4	2	2	0
965	0	3.333333333	4.5	3.666666667	3	3.5	4.666666667	3.666666667	2	4.142857143	4	0	1	3	2	1	2	1	1	0
966	0	3.333333333	3.75	3	3.333333333	4	3.666666667	3.666666667	1	4.142857143	3	0	3	3	1	1	3	2	4	0
967	0	4.333333333	4.75	3.333333333	4.333333333	4.75	3	2	1.666666667	4.142857143	2.666666667	0	3	2	1	1	4	2	1	0
968	0	3.666666667	3.75	2.333333333	2.666666667	3.25	4.666666667	3.333333333	1.333333333	4.285714286	3.333333333	0	2	3	1	1	4	2	2	0
969	0	4.333333333	3.25	4.333333333	3.666666667	3.25	3.666666667	3.666666667	4.333333333	4.571428571	4.333333333	1	4	1	1	1	4	2	1	0
970	0	4.666666667	4.25	4.333333333	4.333333333	4	4	4.333333333	3.666666667	3.857142857	4	1	1	4	2	1	4	1	1	0
971	0	5	3.5	3	3.333333333	5	4	4.333333333	2.333333333	4.428571429	2.666666667	1	2	4	2	1	3	1	3	0
972	0	3	3.75	3.333333333	3	3	3	3	2	3.714285714	3	1	2	3	2	1	4	1	2	0
973	0	4.333333333	4.25	4.333333333	2.666666667	4.25	4.333333333	3	3.666666667	4.285714286	2.666666667	0	3	3	1	1	3	3	2	0
974	0	3	3	2	3	3.5	4	2	1.333333333	4	3	1	2	3	1	1	4	2	2	0
975	0	4.333333333	4.5	4.333333333	3.333333333	3.25	4.333333333	2.666666667	4	4.428571429	2.666666667	0	2	3	1	1	2	1	2	0
976	0	2	3.25	3.333333333	2	4	3	4.333333333	1.666666667	2.571428571	3.666666667	1	3	3	1	1	3	2	2	0
977	0	1	2	2.666666667	2	2.25	2.666666667	2.333333333	4.333333333	3	2.666666667	0	2	4	2	1	3	1	4	0
978	0	4	4	4	5	4.25	4.333333333	5	4.666666667	4.142857143	4.333333333	1	4	4	1	1	4	2	4	0
979	0	5	4	4	4	4	4	4	4	4	4	0	2	3	1	1	3	2	2	0
980	0	3.333333333	3.25	3.333333333	2.666666667	3.25	3	3	2	3.285714286	3	1	2	4	2	1	1	1	1	0
981	0	2.666666667	2	3.666666667	3.333333333	2.5	3	1.333333333	3.666666667	3.428571429	3	1	2	4	1	1	4	2	4	0
982	0	5	5	4.333333333	3.333333333	4	5	3.666666667	3.333333333	5	3.666666667	1	2	2	1	1	4	2	1	0
983	0	4.666666667	4	4.333333333	4.333333333	4	5	4.666666667	4.333333333	4	4	1	1	3	2	1	3	1	2	0
984	0	3	3.75	2.666666667	3.666666667	4.25	3	3	2	4.571428571	3.666666667	0	2	4	1	1	4	2	2	0
